[BEGIN PROBLEM]
This problem is known as the multi-hop influence maximization problem (k-dDSP)---d-hop coverage is considered. More specifically, in the k-dDSP the task is to find a set U ⊆ V of cardinality k such that the set C_U ⊆ V of nodes that are covered (or influenced) by U is of maximal cardinality. Hereby, a node v forms part of C_U---that is, v is said to be covered (or influenced) by U---if there exists a node v' ∈ U such that the shortest directed path from v' to v consists of at most d arcs.
[END PROBLEM]
[BEGIN EXAMPLE GRAPH 1]
[BEGIN DATA]
node,in-degree,out-degree,closeness (outward distance),betweenness,pagerank (outcoming links)
0,6e-01,4e-01,9e-01,5e-01,4e-01
1,3e-01,1e+00,1e+00,6e-01,7e-01
2,5e-01,9e-02,6e-01,3e-01,9e-02
3,1e+00,6e-01,9e-01,9e-01,8e-01
4,7e-01,5e-01,8e-01,6e-01,4e-01
5,5e-01,4e-01,8e-01,4e-01,3e-01
6,8e-01,4e-01,8e-01,5e-01,3e-01
7,6e-01,2e-01,7e-01,3e-01,1e-01
8,5e-01,2e-01,7e-01,3e-01,2e-01
9,7e-01,5e-01,8e-01,5e-01,2e-01
10,7e-01,4e-01,8e-01,6e-01,4e-01
11,3e-01,8e-01,9e-01,4e-01,7e-01
12,7e-01,5e-01,9e-01,7e-01,5e-01
13,3e-01,4e-01,8e-01,4e-01,3e-01
14,2e-01,4e-01,8e-01,3e-01,3e-01
15,4e-01,6e-01,8e-01,6e-01,6e-01
16,3e-01,4e-01,7e-01,3e-01,2e-01
17,4e-01,6e-01,1e+00,6e-01,6e-01
18,3e-01,6e-01,8e-01,4e-01,4e-01
19,4e-01,4e-01,8e-01,4e-01,3e-01
20,2e-01,2e-01,6e-01,3e-01,1e-01
21,7e-01,4e-01,8e-01,5e-01,3e-01
22,7e-01,5e-01,8e-01,6e-01,6e-01
23,3e-01,5e-01,9e-01,4e-01,4e-01
24,5e-01,3e-01,8e-01,4e-01,3e-01
25,3e-01,5e-01,8e-01,5e-01,5e-01
26,8e-01,2e-01,6e-01,3e-01,9e-02
27,6e-01,9e-01,9e-01,7e-01,7e-01
28,7e-01,4e-01,8e-01,7e-01,3e-01
29,8e-01,6e-01,9e-01,9e-01,6e-01
30,9e-01,7e-01,9e-01,7e-01,5e-01
31,7e-01,4e-01,8e-01,5e-01,3e-01
32,8e-01,7e-01,9e-01,1e+00,1e+00
33,5e-01,5e-01,8e-01,4e-01,3e-01
34,4e-01,5e-01,8e-01,4e-01,3e-01
35,8e-01,3e-01,8e-01,5e-01,4e-01
36,4e-01,3e-01,7e-01,4e-01,2e-01
37,1e+00,4e-01,8e-01,6e-01,4e-01
38,6e-01,3e-01,7e-01,4e-01,1e-01
39,6e-01,2e-01,7e-01,3e-01,2e-01
40,6e-01,6e-01,9e-01,6e-01,4e-01
41,5e-01,7e-01,9e-01,5e-01,5e-01
42,6e-01,5e-01,8e-01,5e-01,4e-01
43,1e-01,4e-01,8e-01,3e-01,4e-01
44,5e-01,6e-01,9e-01,5e-01,4e-01
45,7e-01,6e-01,8e-01,5e-01,3e-01
46,9e-01,5e-01,8e-01,7e-01,6e-01
47,1e-01,1e+00,9e-01,3e-01,7e-01
48,5e-01,0,0,1e-01,7e-02
49,8e-01,8e-01,9e-01,8e-01,5e-01
50,9e-01,7e-01,9e-01,7e-01,7e-01
51,8e-01,5e-01,8e-01,6e-01,4e-01
52,7e-01,3e-01,7e-01,4e-01,2e-01
53,4e-01,5e-01,9e-01,5e-01,4e-01
54,2e-01,2e-01,7e-01,3e-01,3e-01
55,4e-01,4e-01,8e-01,5e-01,4e-01
56,3e-01,5e-01,8e-01,4e-01,4e-01
57,5e-01,6e-01,9e-01,5e-01,5e-01
58,4e-01,7e-01,9e-01,5e-01,5e-01
59,4e-01,7e-01,9e-01,6e-01,1e+00
60,7e-01,7e-01,1e+00,8e-01,7e-01
61,8e-01,6e-01,9e-01,8e-01,7e-01
62,3e-01,5e-01,9e-01,5e-01,8e-01
63,3e-01,6e-01,9e-01,4e-01,5e-01
64,7e-01,5e-01,8e-01,5e-01,3e-01
65,2e-01,7e-01,9e-01,4e-01,5e-01
66,5e-01,8e-01,1e+00,6e-01,6e-01
67,5e-01,5e-01,9e-01,6e-01,5e-01
68,2e-01,5e-01,8e-01,3e-01,5e-01
69,8e-01,4e-01,8e-01,5e-01,4e-01
70,2e-01,4e-01,7e-01,3e-01,2e-01
71,3e-01,7e-01,9e-01,5e-01,5e-01
72,4e-01,4e-01,8e-01,3e-01,3e-01
73,1e-01,3e-01,7e-01,3e-01,2e-01
74,5e-01,6e-01,9e-01,6e-01,5e-01
75,5e-01,3e-01,7e-01,4e-01,2e-01
76,6e-01,4e-01,7e-01,5e-01,2e-01
77,5e-01,5e-01,8e-01,5e-01,4e-01
78,1e+00,2e-01,6e-01,4e-01,1e-01
79,5e-01,7e-01,9e-01,6e-01,6e-01
80,5e-01,5e-01,8e-01,5e-01,5e-01
81,1e-01,6e-01,9e-01,3e-01,5e-01
82,9e-01,6e-01,9e-01,7e-01,5e-01
83,3e-01,5e-01,8e-01,4e-01,3e-01
84,3e-01,2e-01,7e-01,3e-01,2e-01
85,9e-01,5e-01,8e-01,7e-01,3e-01
86,3e-01,4e-01,8e-01,4e-01,3e-01
87,4e-01,5e-01,8e-01,4e-01,3e-01
88,0,5e-01,8e-01,1e-01,4e-01
89,6e-01,4e-01,8e-01,5e-01,6e-01
90,3e-01,4e-01,7e-01,3e-01,2e-01
91,6e-01,5e-01,8e-01,5e-01,3e-01
92,6e-01,5e-01,9e-01,5e-01,4e-01
93,7e-01,4e-01,8e-01,6e-01,5e-01
94,2e-01,8e-01,1e+00,5e-01,9e-01
95,4e-01,3e-01,7e-01,3e-01,2e-01
96,8e-01,4e-01,8e-01,5e-01,2e-01
97,8e-01,5e-01,8e-01,6e-01,5e-01
98,7e-01,3e-01,7e-01,4e-01,2e-01
99,9e-01,2e-01,7e-01,5e-01,2e-01

[END DATA]
[BEGIN ANSWER GRAPH 1]
The nodes that form a feasible solution of high quality to this problem are: 27,47,59,32,63,57,67,71,80,79,83,40,1,60,42,62,61,88,37,43,25,11,55,15,91
[END ANSWER GRAPH 1]
[END EXAMPLE GRAPH 1]
[BEGIN EVALUATION GRAPH 2]
[BEGIN DATA]
node,in-degree,out-degree,closeness (outward distance),betweenness,pagerank (outcoming links)
0,0,7e-02,9e-01,5e-02,1e+00
1,1e-02,3e-01,1e+00,5e-02,3e-01
2,2e-02,3e-01,9e-01,5e-02,1e-01
3,2e-02,3e-01,9e-01,5e-02,2e-01
4,3e-02,4e-01,9e-01,5e-02,1e-01
5,4e-02,6e-01,1e+00,7e-02,2e-01
6,3e-02,2e-01,9e-01,5e-02,1e-01
7,1e-02,2e-02,1e-01,9e-03,3e-03
8,0,2e-02,7e-01,4e-02,1e-01
9,1e-02,3e-01,9e-01,7e-02,1e-01
10,1e-02,3e-01,1e+00,6e-02,6e-01
11,1e-02,2e-02,7e-01,5e-02,8e-02
12,3e-02,3e-01,9e-01,7e-02,7e-02
13,1e-02,2e-01,9e-01,7e-02,7e-02
14,1e-02,2e-02,7e-01,5e-02,6e-02
15,2e-02,1e-01,8e-01,5e-02,2e-02
16,3e-02,1e-01,8e-01,5e-02,2e-02
17,3e-02,2e-01,8e-01,5e-02,6e-02
18,4e-02,2e-01,8e-01,5e-02,6e-02
19,6e-02,3e-01,9e-01,7e-02,6e-02
20,9e-02,4e-01,9e-01,1e-01,6e-02
21,1e-02,2e-02,7e-01,4e-02,8e-02
22,5e-02,9e-02,8e-01,6e-02,3e-02
23,1e-02,2e-02,5e-01,3e-02,3e-03
24,1e-02,1e-01,8e-01,6e-02,5e-02
25,2e-02,2e-01,8e-01,6e-02,7e-02
26,1e-02,2e-02,7e-01,4e-02,6e-02
27,2e-02,5e-02,7e-01,5e-02,6e-02
28,2e-02,9e-02,8e-01,7e-02,6e-02
29,5e-02,2e-01,9e-01,8e-02,7e-02
30,1e-02,8e-03,4e-01,3e-02,5e-03
31,1e-02,8e-03,4e-01,6e-02,3e-03
32,3e-02,2e-01,9e-01,6e-02,3e-01
33,2e-02,7e-02,8e-01,5e-02,2e-02
34,4e-02,9e-02,8e-01,5e-02,3e-02
35,2e-02,8e-03,4e-01,3e-02,2e-03
36,6e-02,1e-01,8e-01,6e-02,8e-02
37,2e-02,9e-02,8e-01,4e-02,3e-02
38,3e-02,7e-02,7e-01,5e-02,2e-02
39,1e-02,4e-02,6e-01,4e-02,1e-02
40,1e-02,1e-01,7e-01,5e-02,2e-02
41,1e-02,2e-01,8e-01,5e-02,8e-02
42,2e-02,2e-01,8e-01,5e-02,7e-02
43,3e-02,1e-01,8e-01,5e-02,3e-02
44,2e-02,1e-01,8e-01,5e-02,4e-02
45,7e-02,7e-02,7e-01,5e-02,2e-02
46,6e-02,9e-02,8e-01,5e-02,2e-02
47,4e-02,4e-02,5e-01,5e-02,8e-03
48,5e-02,5e-02,7e-01,5e-02,2e-02
49,5e-02,7e-02,8e-01,5e-02,2e-02
50,4e-02,1e-01,8e-01,5e-02,4e-02
51,5e-02,1e-01,8e-01,5e-02,4e-02
52,7e-02,1e-01,8e-01,6e-02,3e-02
53,7e-02,1e-01,8e-01,6e-02,3e-02
54,1e-01,2e-01,8e-01,7e-02,4e-02
55,1e-01,1e-01,8e-01,9e-02,3e-02
56,2e-02,7e-02,8e-01,5e-02,3e-02
57,3e-02,5e-02,7e-01,4e-02,1e-02
58,5e-02,1e-01,8e-01,9e-02,2e-02
59,4e-02,1e-01,8e-01,5e-02,2e-02
60,1e-01,2e-01,8e-01,7e-02,3e-02
61,2e-01,2e-01,9e-01,2e-01,4e-02
62,2e-01,3e-01,8e-01,1e-01,5e-02
63,3e-02,3e-02,5e-01,4e-02,7e-03
64,2e-01,1e-01,8e-01,1e-01,4e-02
65,3e-01,3e-01,9e-01,4e-01,9e-02
66,2e-01,2e-01,8e-01,1e-01,5e-02
67,2e-01,1e-01,8e-01,1e-01,4e-02
68,2e-01,5e-01,1e+00,3e-01,8e-02
69,2e-02,1e-02,7e-01,4e-02,4e-02
70,4e-02,3e-01,9e-01,6e-02,7e-02
71,4e-02,3e-01,9e-01,5e-02,6e-02
72,2e-01,1e+00,1e+00,3e-01,2e-01
73,1e-02,2e-02,6e-01,4e-02,3e-02
74,4e-02,2e-01,7e-01,9e-02,4e-02
75,1e-02,5e-02,7e-01,5e-02,1e-02
76,3e-02,9e-02,7e-01,6e-02,1e-02
77,2e-02,4e-02,6e-01,6e-02,3e-02
78,2e-02,9e-02,7e-01,5e-02,2e-02
79,2e-02,6e-02,7e-01,5e-02,1e-02
80,3e-02,6e-02,7e-01,5e-02,1e-02
81,4e-02,5e-02,7e-01,5e-02,1e-02
82,5e-02,5e-02,7e-01,5e-02,8e-03
83,2e-01,4e-01,8e-01,2e-01,5e-02
84,1e-01,3e-02,6e-01,6e-02,2e-02
85,3e-02,1e-01,8e-01,6e-02,3e-02
86,5e-02,1e-01,7e-01,6e-02,2e-02
87,5e-02,1e-01,7e-01,6e-02,2e-02
88,7e-02,1e-01,7e-01,5e-02,1e-02
89,2e-02,8e-02,7e-01,4e-02,1e-02
90,7e-02,1e-01,7e-01,7e-02,2e-02
91,4e-02,1e-01,7e-01,7e-02,2e-02
92,9e-02,1e-01,7e-01,6e-02,2e-02
93,1e-01,1e-01,7e-01,6e-02,2e-02
94,2e-01,1e-01,7e-01,7e-02,2e-02
95,2e-01,1e-01,7e-01,7e-02,2e-02
96,1e-02,3e-02,5e-01,4e-02,1e-02
97,3e-02,4e-02,7e-01,6e-02,2e-02
98,2e-02,4e-02,6e-01,6e-02,1e-02
99,4e-02,3e-02,5e-01,4e-02,4e-03
100,1e-02,0,0,5e-05,2e-03
101,1e-02,8e-02,7e-01,5e-02,6e-02
102,2e-02,9e-02,7e-01,5e-02,4e-02
103,3e-02,8e-02,7e-01,5e-02,3e-02
104,7e-02,1e-01,8e-01,5e-02,2e-02
105,9e-02,1e-01,8e-01,6e-02,2e-02
106,4e-02,5e-02,7e-01,4e-02,2e-02
107,5e-02,6e-02,7e-01,5e-02,2e-02
108,6e-02,7e-02,7e-01,4e-02,2e-02
109,8e-02,9e-02,7e-01,5e-02,2e-02
110,8e-02,3e-02,7e-01,4e-02,1e-02
111,1e-01,1e-01,8e-01,8e-02,3e-02
112,1e-01,1e-01,7e-01,5e-02,2e-02
113,1e-01,3e-02,7e-01,5e-02,1e-02
114,2e-02,5e-02,7e-01,4e-02,1e-02
115,4e-02,4e-02,7e-01,5e-02,1e-02
116,1e-01,5e-02,7e-01,6e-02,1e-02
117,1e-01,2e-01,7e-01,7e-02,2e-02
118,1e-01,2e-01,7e-01,1e-01,2e-02
119,2e-01,2e-01,6e-01,9e-02,2e-02
120,3e-01,7e-01,9e-01,5e-01,8e-02
121,2e-02,3e-02,5e-01,5e-02,1e-02
122,1e-02,3e-02,5e-01,4e-02,5e-03
123,1e-01,3e-02,5e-01,5e-02,5e-03
124,1e-01,4e-02,5e-01,5e-02,7e-03
125,9e-02,2e-01,7e-01,7e-02,2e-02
126,1e-01,2e-01,7e-01,8e-02,2e-02
127,0,2e-02,2e-01,2e-02,7e-03
128,1e-02,2e-02,3e-01,4e-02,3e-03
129,0,4e-03,6e-01,4e-02,4e-03
130,2e-01,3e-01,9e-01,4e-01,6e-02
131,4e-02,3e-02,6e-01,4e-02,7e-03
132,8e-02,7e-02,5e-01,5e-02,6e-03
133,1e-01,1e-01,6e-01,1e-01,1e-02
134,1e-01,1e-01,8e-01,2e-01,3e-02
135,3e-01,2e-01,8e-01,3e-01,4e-02
136,3e-02,2e-02,1e-02,1e-02,5e-03
137,1e-01,3e-01,7e-01,1e-01,3e-02
138,1e-01,3e-01,7e-01,1e-01,3e-02
139,6e-02,8e-03,3e-03,6e-03,3e-03
140,6e-02,9e-02,6e-01,6e-02,2e-02
141,2e-02,2e-02,5e-01,4e-02,7e-03
142,3e-02,2e-02,5e-01,4e-02,5e-03
143,2e-02,6e-02,5e-01,4e-02,1e-02
144,3e-02,7e-02,5e-01,8e-02,2e-02
145,8e-02,3e-01,7e-01,1e-01,3e-02
146,1e-01,3e-01,7e-01,1e-01,3e-02
147,1e-01,3e-01,7e-01,1e-01,3e-02
148,6e-02,2e-01,6e-01,4e-02,1e-02
149,1e-01,1e-01,6e-01,6e-02,1e-02
150,8e-02,2e-01,6e-01,8e-02,1e-02
151,1e-01,2e-01,6e-01,5e-02,1e-02
152,1e-01,2e-01,6e-01,6e-02,1e-02
153,1e-01,2e-01,7e-01,8e-02,2e-02
154,6e-02,2e-01,6e-01,7e-02,2e-02
155,7e-02,2e-02,5e-01,6e-02,8e-03
156,4e-02,1e-02,5e-01,4e-02,3e-03
157,4e-02,5e-02,6e-01,6e-02,7e-03
158,2e-01,2e-01,7e-01,3e-01,3e-02
159,9e-02,9e-02,5e-01,8e-02,1e-02
160,1e-01,9e-02,6e-01,9e-02,1e-02
161,1e-01,5e-02,4e-01,7e-02,6e-03
162,6e-02,1e-01,5e-01,7e-02,1e-02
163,5e-02,1e-01,5e-01,6e-02,9e-03
164,2e-01,6e-02,6e-01,1e-01,9e-03
165,6e-02,8e-02,6e-01,8e-02,1e-02
166,2e-01,1e-01,6e-01,2e-01,3e-02
167,2e-01,3e-01,7e-01,2e-01,3e-02
168,6e-02,1e-02,5e-01,7e-02,3e-03
169,8e-02,8e-02,6e-01,7e-02,1e-02
170,5e-02,8e-03,4e-01,4e-02,3e-03
171,6e-02,5e-02,5e-01,1e-01,8e-03
172,1e-01,5e-02,5e-01,5e-02,8e-03
173,4e-02,3e-02,5e-01,6e-02,1e-02
174,2e-02,3e-02,5e-01,5e-02,8e-03
175,5e-02,3e-02,4e-01,4e-02,4e-03
176,4e-02,6e-02,5e-01,7e-02,6e-03
177,7e-02,3e-02,4e-01,6e-02,7e-03
178,3e-02,2e-02,5e-01,5e-02,4e-03
179,1e-01,4e-02,4e-01,4e-02,7e-03
180,1e-01,2e-01,7e-01,2e-01,3e-02
181,3e-01,3e-01,6e-01,2e-01,2e-02
182,3e-02,2e-02,5e-01,5e-02,1e-02
183,1e-02,2e-02,5e-01,4e-02,7e-03
184,3e-02,1e-02,5e-01,4e-02,4e-03
185,3e-02,8e-03,5e-01,4e-02,3e-03
186,5e-02,2e-02,6e-01,6e-02,4e-03
187,7e-02,5e-02,6e-01,7e-02,8e-03
188,4e-01,4e-01,7e-01,4e-01,4e-02
189,0,1e-02,5e-01,4e-02,8e-03
190,1e-02,8e-03,5e-01,4e-02,4e-03
191,2e-02,4e-03,5e-01,4e-02,3e-03
192,2e-01,2e-01,6e-01,2e-01,3e-02
193,2e-02,8e-03,5e-01,6e-02,7e-03
194,6e-02,8e-02,3e-01,8e-02,2e-02
195,9e-02,3e-01,6e-01,2e-01,3e-02
196,1e-01,5e-02,5e-01,9e-02,8e-03
197,8e-02,6e-02,5e-01,5e-02,1e-02
198,1e-01,6e-02,3e-01,5e-02,8e-03
199,4e-02,2e-02,2e-01,1e-02,5e-03
200,8e-02,7e-02,3e-01,4e-02,6e-03
201,3e-01,5e-01,7e-01,5e-01,4e-02
202,1e-01,6e-02,5e-01,7e-02,1e-02
203,1e-01,8e-02,5e-01,6e-02,9e-03
204,1e-01,8e-02,5e-01,5e-02,8e-03
205,1e-01,7e-02,5e-01,5e-02,7e-03
206,2e-01,7e-02,5e-01,5e-02,7e-03
207,1e-01,7e-02,5e-01,5e-02,7e-03
208,1e-01,2e-01,3e-01,8e-02,2e-02
209,8e-02,2e-01,3e-01,6e-02,2e-02
210,2e-02,5e-02,2e-01,4e-02,8e-03
211,2e-02,4e-03,1e-02,5e-03,2e-03
212,5e-02,4e-02,2e-01,3e-02,5e-03
213,2e-02,2e-02,5e-01,4e-02,4e-03
214,2e-02,4e-03,1e-03,4e-03,2e-03
215,1e-02,8e-03,4e-01,4e-02,3e-03
216,1e-01,9e-02,6e-01,1e-01,9e-03
217,3e-01,3e-01,5e-01,2e-01,2e-02
218,1e-01,5e-02,6e-01,1e-01,1e-02
219,1e-01,6e-02,5e-01,6e-02,6e-03
220,7e-02,2e-02,4e-02,9e-03,3e-03
221,6e-02,1e-02,4e-02,9e-03,2e-03
222,2e-02,8e-03,1e-02,9e-03,2e-03
223,1e-01,2e-01,5e-01,2e-01,1e-02
224,9e-02,2e-01,5e-01,8e-02,1e-02
225,1e-01,2e-01,5e-01,7e-02,1e-02
226,1e-01,2e-01,5e-01,8e-02,1e-02
227,1e-01,2e-01,5e-01,9e-02,1e-02
228,1e-01,2e-01,6e-01,9e-02,1e-02
229,9e-02,1e-01,6e-01,7e-02,1e-02
230,2e-02,4e-02,2e-01,5e-02,5e-03
231,3e-02,1e-02,2e-01,4e-02,2e-03
232,2e-02,1e-02,4e-01,3e-02,5e-03
233,3e-02,1e-02,5e-01,4e-02,5e-03
234,1e-01,1e-01,5e-01,8e-02,1e-02
235,1e-01,1e-01,5e-01,1e-01,1e-02
236,6e-02,8e-02,5e-01,6e-02,9e-03
237,0,2e-02,5e-01,3e-02,9e-03
238,1e-02,2e-02,4e-01,4e-02,4e-03
239,2e-01,3e-01,6e-01,3e-01,3e-02
240,4e-02,2e-02,2e-01,3e-02,3e-03
241,3e-01,3e-01,6e-01,3e-01,3e-02
242,4e-02,3e-02,5e-01,4e-02,8e-03
243,9e-02,4e-02,5e-01,5e-02,1e-02
244,1e-01,9e-02,6e-01,1e-01,2e-02
245,3e-02,8e-03,4e-01,4e-02,2e-03
246,2e-01,2e-01,6e-01,1e-01,2e-02
247,2e-01,3e-01,6e-01,2e-01,2e-02
248,3e-01,3e-01,6e-01,2e-01,2e-02
249,2e-01,9e-02,5e-01,9e-02,9e-03
250,2e-01,1e-01,5e-01,1e-01,1e-02
251,2e-01,2e-01,5e-01,1e-01,2e-02
252,5e-02,2e-02,5e-01,6e-02,5e-03
253,2e-01,2e-01,6e-01,4e-01,2e-02
254,2e-01,1e-01,5e-01,1e-01,1e-02
255,2e-01,1e-01,5e-01,8e-02,8e-03
256,2e-01,1e-01,5e-01,1e-01,1e-02
257,3e-01,2e-01,6e-01,2e-01,2e-02
258,3e-01,1e-01,5e-01,1e-01,1e-02
259,2e-01,3e-02,4e-01,5e-02,4e-03
260,1e-02,0,0,5e-05,2e-03
261,0,1e-02,4e-01,3e-02,5e-03
262,1e-02,1e-02,4e-01,3e-02,3e-03
263,2e-01,5e-02,4e-01,8e-02,7e-03
264,2e-01,7e-02,4e-01,1e-01,9e-03
265,1e-01,2e-02,2e-01,3e-02,3e-03
266,9e-02,2e-02,4e-01,5e-02,4e-03
267,3e-02,3e-02,5e-01,6e-02,6e-03
268,4e-02,3e-02,5e-01,6e-02,5e-03
269,5e-02,3e-02,5e-01,6e-02,4e-03
270,5e-02,1e-02,4e-01,4e-02,3e-03
271,3e-02,6e-02,4e-01,4e-02,8e-03
272,4e-02,5e-02,4e-01,4e-02,7e-03
273,1e-01,2e-02,4e-01,5e-02,7e-03
274,5e-02,2e-02,4e-01,4e-02,4e-03
275,8e-02,3e-02,4e-01,6e-02,6e-03
276,8e-02,2e-02,4e-01,5e-02,6e-03
277,2e-01,1e-01,4e-01,2e-01,2e-02
278,2e-01,1e-01,4e-01,1e-01,1e-02
279,2e-01,7e-02,4e-01,5e-02,4e-03
280,2e-01,6e-02,4e-01,5e-02,4e-03
281,2e-01,5e-02,4e-01,5e-02,4e-03
282,2e-01,6e-02,4e-01,5e-02,4e-03
283,3e-01,6e-02,4e-01,6e-02,4e-03
284,3e-01,6e-02,4e-01,6e-02,4e-03
285,3e-01,8e-02,4e-01,8e-02,5e-03
286,3e-01,8e-02,4e-01,8e-02,4e-03
287,4e-02,5e-02,2e-01,7e-02,9e-03
288,7e-02,7e-02,4e-01,5e-02,5e-03
289,8e-02,6e-02,4e-01,5e-02,5e-03
290,1e-01,6e-02,4e-01,5e-02,4e-03
291,1e-01,5e-02,4e-01,5e-02,4e-03
292,1e-01,7e-02,4e-01,6e-02,4e-03
293,8e-02,9e-02,4e-01,5e-02,5e-03
294,1e-01,9e-02,4e-01,5e-02,5e-03
295,4e-02,4e-02,3e-01,5e-02,6e-03
296,5e-02,4e-02,3e-01,5e-02,5e-03
297,2e-01,4e-02,5e-01,1e-01,6e-03
298,1e-01,8e-02,2e-01,4e-02,6e-03
299,9e-02,7e-02,5e-01,7e-02,8e-03
300,7e-01,4e-01,6e-01,1e+00,4e-02
301,3e-02,8e-03,3e-01,4e-02,3e-03
302,4e-02,2e-02,4e-01,1e-01,4e-03
303,2e-01,9e-02,4e-01,2e-01,7e-03
304,4e-02,2e-02,2e-01,6e-02,3e-03
305,6e-02,3e-02,4e-01,4e-02,6e-03
306,2e-01,1e-01,4e-01,3e-01,1e-02
307,5e-02,2e-02,4e-01,7e-02,5e-03
308,1e-01,1e-01,3e-01,1e-01,2e-02
309,2e-01,7e-02,3e-01,6e-02,6e-03
310,2e-01,7e-02,3e-01,1e-01,6e-03
311,5e-01,2e-01,5e-01,3e-01,2e-02
312,7e-01,3e-01,5e-01,6e-01,2e-02
313,6e-02,8e-03,3e-01,4e-02,3e-03
314,6e-02,3e-02,2e-01,4e-02,4e-03
315,1e-01,7e-02,4e-01,1e-01,1e-02
316,1e-01,8e-02,3e-01,7e-02,6e-03
317,7e-02,0,0,8e-03,2e-03
318,5e-02,3e-02,2e-01,3e-02,4e-03
319,5e-02,4e-03,1e-02,2e-02,3e-03
320,2e-02,8e-03,1e-02,1e-02,2e-03
321,1e-01,3e-02,3e-01,2e-01,6e-03
322,2e-01,2e-01,4e-01,1e-01,2e-02
323,3e-02,4e-02,2e-01,5e-02,4e-03
324,2e-01,2e-01,4e-01,2e-01,2e-02
325,2e-01,2e-01,4e-01,2e-01,2e-02
326,4e-02,2e-02,2e-01,3e-02,4e-03
327,6e-02,3e-02,3e-01,6e-02,4e-03
328,6e-02,2e-02,1e-01,3e-02,4e-03
329,7e-02,1e-02,1e-01,2e-02,2e-03
330,3e-01,1e-01,3e-01,3e-01,1e-02
331,8e-02,0,0,8e-03,2e-03
332,6e-02,4e-03,1e-03,1e-02,2e-03
333,1e-01,3e-02,3e-01,2e-01,6e-03
334,2e-02,2e-02,3e-01,3e-02,8e-03
335,1e-01,3e-02,2e-01,4e-02,4e-03
336,2e-02,4e-03,2e-01,3e-02,2e-03
337,7e-02,2e-02,2e-01,3e-02,3e-03
338,2e-01,8e-03,2e-01,3e-02,2e-03
339,4e-02,6e-02,3e-01,3e-02,4e-03
340,1e-01,4e-02,2e-01,6e-02,5e-03
341,4e-01,1e-01,3e-01,3e-01,1e-02
342,2e-01,7e-02,3e-01,1e-01,8e-03
343,7e-02,3e-02,3e-01,2e-01,5e-03
344,1e-01,6e-02,3e-01,5e-02,7e-03
345,8e-02,4e-03,1e-03,2e-02,3e-03
346,5e-02,0,0,8e-03,2e-03
347,5e-02,4e-03,1e-01,2e-02,2e-03
348,9e-02,2e-02,2e-01,4e-02,2e-03
349,8e-02,1e-02,3e-01,3e-02,3e-03
350,9e-02,9e-02,4e-01,2e-01,9e-03
351,8e-02,2e-02,2e-01,4e-02,3e-03
352,2e-01,4e-02,2e-01,7e-02,5e-03
353,1e-01,0,0,8e-03,2e-03
354,6e-02,8e-03,3e-03,1e-02,3e-03
355,3e-02,4e-03,1e-03,8e-03,2e-03
356,4e-02,0,0,8e-03,2e-03
357,5e-02,2e-02,2e-01,3e-02,3e-03
358,1e-01,3e-02,2e-01,7e-02,5e-03
359,2e-01,4e-02,2e-01,5e-02,5e-03
360,5e-02,0,0,8e-03,2e-03
361,4e-02,0,0,8e-03,2e-03
362,4e-02,0,0,8e-03,2e-03
363,5e-02,4e-03,1e-03,8e-03,2e-03
364,6e-02,0,0,8e-03,2e-03
365,1e-01,2e-02,2e-01,4e-02,4e-03
366,8e-02,3e-02,2e-01,6e-02,6e-03
367,7e-02,4e-03,2e-01,3e-02,2e-03
368,9e-02,1e-02,2e-01,7e-02,3e-03
369,7e-02,7e-02,2e-01,9e-02,6e-03
370,5e-02,3e-02,2e-01,7e-02,4e-03
371,2e-02,4e-03,3e-02,1e-02,2e-03
372,5e-02,3e-02,1e-01,2e-02,3e-03
373,6e-02,3e-02,1e-01,2e-02,3e-03
374,6e-02,1e-02,2e-01,3e-02,2e-03
375,4e-02,0,0,8e-03,2e-03
376,1e-01,9e-02,3e-01,6e-02,8e-03
377,1e-01,5e-02,2e-01,6e-02,5e-03
378,5e-02,5e-02,2e-01,3e-02,5e-03
379,3e-01,7e-02,2e-01,1e-01,8e-03
380,8e-02,9e-02,2e-01,4e-02,5e-03
381,9e-02,7e-02,2e-01,3e-02,5e-03
382,9e-02,9e-02,2e-01,4e-02,6e-03
383,1e-01,7e-02,3e-01,1e-01,5e-03
384,2e-01,7e-02,2e-01,8e-02,9e-03
385,3e-01,9e-02,2e-01,1e-01,1e-02
386,4e-02,8e-03,3e-03,1e-02,3e-03
387,2e-02,4e-03,1e-03,8e-03,2e-03
388,3e-02,0,0,8e-03,2e-03
389,1e-02,2e-02,2e-01,2e-02,4e-03
390,1e-01,3e-02,2e-01,4e-02,3e-03
391,9e-02,7e-02,3e-01,2e-01,8e-03
392,6e-02,1e-02,3e-01,5e-02,2e-03
393,8e-02,9e-02,2e-01,1e-01,1e-02
394,2e-02,8e-03,1e-01,2e-02,2e-03
395,3e-02,4e-03,1e-01,2e-02,2e-03
396,1e-01,7e-02,2e-01,6e-02,6e-03
397,7e-02,7e-02,2e-01,4e-02,5e-03
398,6e-02,4e-02,2e-01,2e-02,4e-03
399,9e-02,3e-02,2e-01,2e-02,3e-03
400,9e-02,4e-02,2e-01,2e-02,3e-03
401,2e-01,5e-02,2e-01,4e-02,5e-03
402,2e-01,7e-02,2e-01,4e-02,6e-03
403,9e-02,3e-02,3e-02,3e-02,3e-03
404,1e-01,1e-02,2e-01,3e-02,3e-03
405,1e-01,3e-02,2e-01,3e-02,3e-03
406,2e-01,4e-02,2e-01,4e-02,3e-03
407,4e-02,2e-02,2e-01,2e-02,3e-03
408,1e-01,1e-02,4e-03,1e-02,3e-03
409,6e-02,8e-03,3e-03,9e-03,2e-03
410,1e-01,4e-02,2e-01,7e-02,4e-03
411,4e-02,2e-02,2e-01,2e-02,2e-03
412,1e-01,5e-02,7e-02,3e-02,4e-03
413,1e-01,4e-02,7e-02,3e-02,4e-03
414,9e-02,7e-02,2e-01,3e-02,4e-03
415,1e-01,1e-01,3e-01,4e-01,3e-02
416,1e-01,3e-02,3e-01,8e-02,5e-03
417,9e-02,3e-02,3e-01,5e-02,6e-03
418,2e-01,5e-02,3e-01,1e-01,7e-03
419,8e-02,3e-02,2e-01,5e-02,3e-03
420,1e-01,3e-02,3e-01,4e-02,3e-03
421,1e-01,2e-02,3e-01,4e-02,3e-03
422,2e-01,6e-02,3e-01,2e-01,8e-03
423,8e-02,4e-02,3e-01,4e-02,5e-03
424,7e-02,5e-02,3e-01,5e-02,6e-03
425,1e-01,3e-02,2e-01,8e-02,4e-03
426,7e-02,3e-02,2e-01,3e-02,3e-03
427,8e-02,3e-02,2e-01,3e-02,3e-03
428,9e-02,3e-02,2e-01,5e-02,3e-03
429,1e-01,2e-02,2e-01,3e-02,3e-03
430,1e-01,3e-02,2e-01,6e-02,3e-03
431,2e-02,2e-02,7e-03,1e-02,3e-03
432,0,2e-02,3e-01,2e-02,4e-03
433,1e-01,9e-02,3e-01,4e-01,2e-02
434,3e-02,2e-02,2e-01,6e-02,3e-03
435,2e-02,2e-02,2e-01,5e-02,7e-03
436,3e-02,1e-02,1e-01,4e-02,4e-03
437,1e-01,1e-01,2e-01,2e-01,2e-02
438,3e-02,3e-02,2e-01,6e-02,6e-03
439,5e-02,8e-03,4e-03,2e-02,2e-03
440,2e-02,1e-02,2e-02,1e-02,3e-03
441,0,1e-02,4e-03,8e-05,5e-03
442,1e-02,8e-03,3e-03,8e-05,3e-03
443,4e-02,0,0,2e-03,2e-03
444,7e-02,2e-02,7e-03,1e-02,2e-03
445,3e-01,3e-02,2e-01,1e-01,4e-03
446,9e-02,2e-02,1e-01,3e-02,2e-03
447,1e-01,4e-02,2e-01,7e-02,3e-03
448,1e-01,4e-02,2e-01,8e-02,3e-03
449,8e-02,2e-02,1e-01,4e-02,4e-03
450,3e-02,2e-02,1e-01,2e-02,3e-03
451,4e-02,2e-02,1e-01,2e-02,3e-03
452,5e-02,8e-03,1e-01,2e-02,2e-03
453,2e-01,1e-02,2e-02,1e-02,2e-03
454,1e-01,3e-02,2e-01,3e-02,3e-03
455,6e-02,3e-02,2e-01,3e-02,4e-03
456,8e-02,2e-02,2e-01,3e-02,3e-03
457,1e-01,2e-02,2e-01,4e-02,3e-03
458,1e-02,4e-03,1e-02,2e-03,2e-03
459,9e-02,2e-02,1e-02,1e-02,3e-03
460,1e-01,2e-02,2e-01,1e-01,5e-03
461,4e-02,7e-02,2e-01,4e-02,6e-03
462,8e-02,1e-01,2e-01,1e-01,1e-02
463,8e-02,8e-02,2e-01,5e-02,7e-03
464,5e-01,2e-01,3e-01,4e-01,2e-02
465,1e-02,4e-03,1e-03,6e-03,2e-03
466,2e-02,0,0,6e-03,2e-03
467,5e-02,4e-03,4e-03,1e-02,2e-03
468,1e-01,2e-02,2e-01,4e-02,4e-03
469,4e-02,1e-01,2e-01,3e-02,1e-02
470,3e-01,1e-01,3e-01,1e-01,8e-03
471,4e-02,2e-02,3e-02,8e-03,3e-03
472,8e-02,1e-01,2e-01,1e-01,1e-02
473,8e-02,1e-01,2e-01,9e-02,1e-02
474,9e-02,1e-01,2e-01,1e-01,1e-02
475,1e-01,1e-01,2e-01,1e-01,1e-02
476,6e-02,1e-02,2e-01,3e-02,3e-03
477,9e-02,2e-02,3e-01,3e-02,4e-03
478,3e-01,1e-01,3e-01,2e-01,1e-02
479,9e-02,3e-02,3e-02,2e-02,5e-03
480,2e-02,2e-02,2e-01,4e-02,1e-02
481,1e-02,1e-02,2e-01,2e-02,5e-03
482,2e-02,2e-02,2e-01,5e-02,6e-03
483,2e-02,2e-02,2e-01,4e-02,4e-03
484,1e-01,1e-02,5e-03,1e-02,2e-03
485,2e-02,8e-03,2e-01,2e-02,3e-03
486,3e-02,2e-02,2e-01,1e-01,3e-03
487,5e-02,0,0,3e-03,2e-03
488,0,8e-03,2e-01,2e-02,2e-03
489,3e-01,1e-01,3e-01,2e-01,9e-03
490,4e-01,2e-01,3e-01,4e-01,1e-02
491,3e-01,1e-01,3e-01,2e-01,9e-03
492,3e-01,2e-01,3e-01,2e-01,1e-02
493,6e-02,0,0,9e-03,2e-03
494,9e-02,4e-03,1e-03,1e-02,2e-03
495,8e-02,0,0,1e-02,2e-03
496,2e-02,1e-02,2e-01,2e-02,5e-03
497,2e-02,8e-03,2e-01,2e-02,3e-03
498,2e-01,9e-02,2e-01,4e-01,2e-02
499,8e-02,4e-02,1e-01,5e-02,6e-03
500,1e-01,2e-02,2e-01,8e-02,4e-03
501,3e-01,5e-02,7e-02,8e-02,6e-03
502,1e-01,1e-02,2e-02,2e-02,2e-03
503,2e-01,1e-02,5e-02,1e-01,4e-03
504,7e-02,3e-02,2e-01,3e-02,4e-03
505,6e-02,5e-02,2e-01,3e-02,4e-03
506,2e-01,6e-02,2e-01,4e-02,4e-03
507,1e-01,3e-02,2e-01,4e-02,5e-03
508,1e-01,5e-02,2e-01,7e-02,3e-03
509,7e-02,4e-02,2e-01,4e-02,5e-03
510,3e-02,4e-02,2e-01,5e-02,3e-03
511,1e-01,3e-02,2e-01,3e-02,3e-03
512,2e-01,5e-02,2e-01,8e-02,4e-03
513,2e-01,5e-02,2e-01,4e-02,5e-03
514,2e-01,5e-02,2e-01,4e-02,3e-03
515,3e-01,5e-02,2e-01,2e-01,4e-03
516,3e-01,4e-02,2e-01,1e-01,3e-03
517,6e-01,1e-01,3e-01,4e-01,9e-03
518,3e-02,0,0,1e-02,2e-03
519,5e-02,1e-02,4e-03,3e-02,3e-03
520,5e-02,8e-03,3e-03,1e-02,2e-03
521,8e-02,1e-02,1e-01,5e-02,3e-03
522,7e-02,2e-02,2e-01,5e-02,3e-03
523,1e-01,2e-02,6e-03,2e-02,3e-03
524,3e-02,2e-02,9e-02,4e-02,3e-03
525,2e-02,8e-03,5e-02,1e-02,2e-03
526,7e-02,4e-03,9e-02,4e-02,2e-03
527,1e-01,2e-02,6e-02,3e-02,3e-03
528,1e-01,2e-02,4e-02,3e-02,4e-03
529,2e-01,7e-02,2e-01,1e-01,5e-03
530,3e-01,5e-02,1e-01,7e-02,4e-03
531,3e-01,6e-02,1e-01,7e-02,5e-03
532,2e-01,8e-03,2e-01,6e-02,2e-03
533,1e-01,2e-02,5e-02,1e-01,3e-03
534,4e-01,4e-02,2e-01,2e-01,6e-03
535,5e-02,2e-02,1e-01,4e-02,3e-03
536,3e-02,5e-02,2e-01,2e-02,7e-03
537,3e-02,5e-02,1e-01,2e-02,6e-03
538,4e-02,4e-02,1e-01,2e-02,5e-03
539,5e-02,4e-02,1e-01,2e-02,4e-03
540,6e-02,3e-02,1e-01,2e-02,3e-03
541,7e-02,3e-02,1e-01,2e-02,3e-03
542,8e-02,3e-02,1e-01,2e-02,3e-03
543,9e-02,2e-02,1e-01,2e-02,3e-03
544,1e-01,2e-02,2e-01,4e-02,2e-03
545,1e-01,2e-02,2e-01,4e-02,2e-03
546,1e-01,2e-02,2e-01,4e-02,2e-03
547,3e-01,7e-02,2e-01,2e-01,4e-03
548,1e-02,0,0,1e-02,2e-03
549,3e-02,0,0,1e-02,2e-03
550,2e-02,4e-03,3e-02,7e-02,2e-03
551,9e-02,2e-02,3e-02,8e-02,3e-03
552,4e-02,4e-03,1e-03,2e-02,2e-03
553,5e-02,3e-02,5e-02,5e-02,4e-03
554,1e-02,4e-03,1e-03,2e-02,3e-03
555,6e-02,3e-02,2e-01,4e-02,3e-03
556,1e-01,3e-02,2e-01,4e-02,4e-03
557,5e-01,1e-01,2e-01,2e-01,5e-03
558,9e-02,2e-02,3e-02,2e-02,3e-03
559,8e-02,2e-02,3e-02,1e-02,3e-03
560,9e-02,2e-02,3e-02,1e-02,3e-03
561,1e-01,1e-02,2e-02,1e-02,2e-03
562,2e-01,8e-03,2e-02,3e-02,2e-03
563,2e-02,4e-03,2e-02,8e-03,2e-03
564,1e-01,4e-02,2e-02,4e-02,3e-03
565,9e-02,3e-02,1e-01,5e-02,3e-03
566,2e-01,3e-02,4e-02,2e-02,3e-03
567,1e-01,2e-02,3e-02,2e-02,2e-03
568,2e-01,2e-02,4e-02,3e-02,3e-03
569,2e-01,5e-02,2e-01,8e-02,3e-03
570,4e-02,4e-02,2e-01,6e-02,4e-03
571,9e-02,5e-02,2e-01,4e-02,4e-03
572,6e-02,2e-02,6e-02,6e-02,3e-03
573,1e-01,3e-02,1e-01,5e-02,3e-03
574,2e-02,4e-03,1e-01,1e-02,2e-03
575,1e-01,3e-02,1e-01,8e-02,3e-03
576,0,8e-03,5e-02,4e-03,2e-03
577,9e-02,3e-02,3e-02,5e-02,5e-03
578,1e-01,2e-02,4e-02,3e-02,3e-03
579,4e-02,3e-02,1e-01,5e-02,8e-03
580,2e-01,4e-02,1e-01,8e-02,5e-03
581,4e-01,5e-02,1e-01,2e-01,5e-03
582,1e-01,4e-03,1e-03,1e-02,2e-03
583,8e-02,0,0,1e-02,2e-03
584,2e-01,7e-02,7e-02,4e-02,4e-03
585,2e-01,7e-02,7e-02,4e-02,4e-03
586,1e-01,6e-02,7e-02,2e-02,3e-03
587,3e-01,1e-01,2e-01,4e-01,1e-02
588,1e-02,1e-02,3e-02,3e-02,2e-03
589,3e-02,2e-02,1e-02,3e-02,4e-03
590,4e-02,3e-02,1e-02,4e-02,4e-03
591,2e-01,4e-03,2e-03,1e-02,2e-03
592,9e-02,8e-03,3e-02,3e-02,2e-03
593,1e-01,4e-03,3e-02,3e-02,2e-03
594,3e-02,1e-02,4e-03,1e-02,3e-03
595,5e-02,8e-03,3e-03,2e-02,3e-03
596,6e-02,4e-03,1e-03,1e-02,2e-03
597,0,2e-02,2e-01,1e-02,5e-03
598,1e-02,2e-02,2e-01,1e-02,2e-03
599,2e-01,9e-02,2e-01,1e-01,5e-03
600,2e-01,1e-01,2e-01,5e-02,4e-03
601,5e-01,1e-01,2e-01,2e-01,7e-03
602,4e-01,1e-01,2e-01,2e-01,5e-03
603,8e-02,8e-03,1e-01,4e-02,2e-03
604,5e-02,8e-03,1e-02,2e-02,2e-03
605,1e-01,1e-02,1e-01,4e-02,2e-03
606,2e-01,3e-02,2e-01,5e-02,3e-03
607,2e-01,5e-02,2e-01,5e-02,4e-03
608,2e-02,0,0,1e-02,2e-03
609,4e-01,1e-01,2e-01,1e-01,6e-03
610,4e-02,4e-03,1e-03,2e-02,2e-03
611,8e-01,1e-01,2e-01,3e-01,8e-03
612,5e-02,2e-02,2e-01,4e-02,4e-03
613,3e-02,2e-02,2e-01,3e-02,4e-03
614,3e-02,2e-02,2e-01,3e-02,3e-03
615,5e-02,1e-02,2e-01,3e-02,3e-03
616,1e+00,1e-01,2e-01,5e-01,1e-02
617,1e-02,0,0,1e-02,2e-03
618,1e-01,3e-02,1e-01,6e-02,5e-03
619,3e-01,5e-02,2e-01,3e-01,7e-03
620,3e-01,5e-02,4e-02,6e-02,5e-03
621,1e+00,1e-01,2e-01,5e-01,1e-02
622,9e-02,2e-02,8e-03,3e-02,3e-03
623,8e-02,2e-02,6e-03,3e-02,3e-03
624,3e-02,1e-02,3e-02,4e-02,2e-03
625,8e-02,2e-02,3e-02,6e-02,3e-03
626,2e-02,0,0,1e-02,2e-03
627,2e-02,4e-03,1e-01,2e-02,2e-03
628,9e-01,1e-01,2e-01,5e-01,8e-03
629,5e-02,4e-03,1e-03,1e-02,2e-03
630,6e-02,0,0,1e-02,2e-03
631,2e-01,4e-03,1e-03,2e-02,2e-03
632,2e-01,6e-02,1e-01,6e-02,4e-03
633,3e-02,8e-03,3e-02,2e-02,2e-03
634,6e-02,1e-02,9e-02,2e-02,2e-03
635,4e-01,1e-01,1e-01,1e-01,5e-03
636,6e-01,1e-01,1e-01,3e-01,1e-02
637,4e-01,9e-02,1e-01,2e-01,6e-03
638,4e-01,8e-02,1e-01,8e-02,5e-03
639,7e-01,1e-01,1e-01,4e-01,1e-02
640,5e-01,9e-02,7e-02,1e-01,4e-03
641,2e-01,2e-02,1e-02,2e-02,2e-03
642,2e-01,1e-02,1e-02,2e-02,2e-03
643,1e-01,8e-03,1e-02,2e-02,2e-03
644,2e-01,4e-03,1e-02,2e-02,2e-03
645,1e-01,2e-02,4e-02,9e-02,1e-02
646,7e-02,3e-02,2e-02,1e-01,7e-03
647,5e-02,0,0,1e-02,2e-03
648,5e-02,4e-03,1e-02,1e-02,2e-03
649,3e-02,4e-03,1e-03,2e-02,2e-03
650,7e-02,3e-02,4e-02,6e-02,3e-03
651,1e-01,4e-02,5e-02,9e-02,3e-03
652,1e-01,4e-03,2e-02,4e-02,2e-03
653,1e-01,4e-03,3e-02,4e-02,2e-03
654,7e-02,1e-02,4e-03,5e-02,3e-03
655,2e-01,5e-02,3e-02,1e-01,5e-03
656,5e-02,1e-01,6e-02,5e-02,9e-03
657,6e-02,1e-01,6e-02,5e-02,8e-03
658,2e-01,1e-01,6e-02,6e-02,8e-03
659,2e-01,3e-02,3e-02,8e-02,4e-03
660,5e-02,0,0,1e-02,2e-03
661,4e-02,1e-02,2e-02,2e-01,3e-03
662,8e-02,4e-03,1e-03,1e-02,2e-03
663,9e-02,0,0,1e-02,2e-03
664,7e-02,4e-03,3e-03,1e-02,2e-03
665,8e-02,8e-03,3e-03,4e-02,2e-03
666,3e-01,5e-02,5e-02,6e-02,3e-03
667,2e-01,4e-03,1e-03,2e-02,2e-03
668,9e-02,5e-02,5e-02,2e-02,3e-03
669,1e-01,5e-02,5e-02,3e-02,3e-03
670,1e-01,4e-02,5e-02,3e-02,3e-03
671,6e-01,6e-02,5e-02,6e-02,3e-03
672,7e-01,7e-02,4e-02,9e-02,3e-03
673,8e-02,4e-03,1e-03,2e-02,3e-03
674,1e-01,2e-02,4e-02,2e-02,2e-03
675,1e-01,8e-03,3e-02,2e-02,2e-03
676,2e-01,2e-02,9e-03,4e-02,4e-03
677,3e-01,1e-02,7e-03,3e-02,2e-03
678,1e-01,1e-02,4e-03,2e-02,2e-03
679,2e-01,8e-03,3e-03,2e-02,2e-03
680,2e-01,4e-03,1e-03,2e-02,2e-03
681,1e-02,8e-03,3e-03,2e-03,3e-03
682,2e-02,4e-03,1e-03,2e-03,2e-03
683,1e-01,0,0,8e-03,2e-03
684,1e-02,0,0,1e-03,2e-03
685,5e-02,9e-02,6e-02,1e-02,6e-03
686,6e-02,9e-02,6e-02,1e-02,5e-03
687,9e-02,9e-02,6e-02,3e-02,5e-03
688,8e-02,8e-02,5e-02,1e-02,5e-03
689,1e-01,8e-02,5e-02,3e-02,4e-03
690,1e-01,7e-02,5e-02,3e-02,4e-03
691,1e-01,7e-02,5e-02,3e-02,4e-03
692,2e-01,7e-02,5e-02,5e-02,4e-03
693,3e-01,8e-02,5e-02,5e-02,5e-03
694,3e-01,5e-02,4e-02,7e-02,4e-03
695,4e-02,1e-02,4e-02,4e-02,4e-03
696,2e-01,5e-02,4e-02,7e-02,3e-03
697,7e-02,4e-03,1e-03,2e-02,2e-03
698,1e-01,8e-03,3e-03,1e-02,2e-03
699,1e-01,4e-03,2e-03,1e-02,2e-03
700,4e-02,1e-02,2e-02,2e-02,2e-03
701,5e-02,8e-03,2e-02,2e-02,2e-03
702,1e-02,8e-03,3e-03,2e-03,3e-03
703,2e-02,4e-03,1e-03,2e-03,2e-03
704,3e-02,0,0,2e-03,2e-03
705,4e-02,4e-03,3e-03,8e-03,2e-03
706,5e-02,3e-02,4e-02,3e-02,5e-03
707,6e-02,2e-02,2e-02,1e-02,3e-03
708,7e-02,2e-02,2e-02,1e-02,2e-03
709,6e-02,0,0,1e-02,2e-03
710,6e-02,4e-03,8e-03,9e-03,2e-03
711,1e-01,2e-02,9e-03,4e-02,2e-03
712,9e-02,2e-02,3e-02,6e-02,5e-03
713,1e-01,3e-02,3e-02,4e-02,4e-03
714,1e-01,3e-02,3e-02,4e-02,3e-03
715,1e-01,2e-02,3e-02,3e-02,3e-03
716,1e-02,0,0,9e-03,2e-03
717,1e-01,0,0,1e-02,2e-03
718,4e-02,2e-02,4e-02,2e-02,4e-03
719,2e-01,3e-02,5e-02,4e-02,4e-03
720,2e-02,1e-02,2e-02,2e-02,2e-03
721,2e-01,4e-02,2e-02,2e-02,3e-03
722,2e-02,0,0,5e-03,2e-03
723,3e-02,3e-02,1e-02,1e-02,3e-03
724,4e-02,2e-02,8e-03,1e-02,3e-03
725,4e-02,0,0,8e-03,2e-03
726,4e-02,8e-03,3e-03,3e-02,3e-03
727,2e-02,4e-03,1e-03,1e-02,2e-03
728,3e-02,0,0,1e-02,2e-03
729,2e-02,8e-03,3e-03,1e-02,3e-03
730,3e-02,4e-03,1e-03,1e-02,2e-03
731,6e-02,8e-03,3e-03,2e-02,2e-03
732,7e-02,4e-03,1e-03,2e-02,2e-03
733,3e-02,2e-02,2e-02,2e-01,5e-03
734,4e-02,3e-02,2e-02,2e-02,4e-03
735,5e-02,3e-02,2e-02,2e-02,3e-03
736,6e-02,3e-02,2e-02,3e-02,3e-03
737,8e-02,2e-02,2e-02,3e-02,3e-03
738,1e-01,2e-02,2e-02,3e-02,2e-03
739,1e-01,2e-02,2e-02,3e-02,2e-03
740,1e-01,1e-02,2e-02,3e-02,2e-03
741,1e-01,1e-02,2e-02,4e-02,2e-03
742,5e-02,3e-02,4e-02,2e-02,7e-03
743,6e-02,3e-02,3e-02,1e-02,5e-03
744,4e-02,0,0,1e-02,2e-03
745,8e-02,1e-02,4e-02,5e-02,3e-03
746,5e-02,4e-03,1e-02,1e-02,2e-03
747,5e-02,0,0,1e-02,2e-03
748,1e-02,0,0,8e-03,2e-03
749,5e-02,8e-03,5e-03,7e-02,3e-03
750,9e-02,0,0,1e-02,2e-03
751,1e-02,4e-03,3e-03,2e-02,2e-03
752,1e-01,8e-03,3e-03,3e-02,3e-03
753,3e-02,4e-03,3e-03,3e-02,2e-03
754,4e-02,0,0,1e-02,2e-03
755,4e-02,0,0,1e-02,2e-03
756,2e-02,4e-03,1e-03,1e-02,2e-03
757,3e-02,0,0,1e-02,2e-03
758,1e-02,8e-03,3e-02,1e-02,3e-03
759,5e-02,0,0,1e-02,2e-03
760,1e-01,3e-02,4e-02,2e-01,1e-02
761,5e-02,4e-02,1e-02,3e-02,4e-03
762,2e-01,3e-02,1e-02,5e-02,4e-03
763,2e-01,3e-02,1e-02,4e-02,4e-03
764,9e-02,0,0,1e-02,2e-03
765,8e-02,8e-03,6e-03,1e-02,2e-03
766,9e-02,4e-03,4e-03,1e-02,2e-03
767,3e-01,2e-02,6e-03,3e-02,2e-03
768,4e-02,0,0,1e-02,2e-03
769,5e-02,1e-02,3e-02,3e-02,2e-03
770,6e-02,0,0,1e-02,2e-03
771,3e-02,8e-03,7e-03,1e-02,2e-03
772,9e-02,4e-03,6e-03,2e-02,2e-03
773,1e-01,2e-02,8e-03,4e-02,2e-03
774,0,4e-03,7e-03,7e-04,2e-03
775,1e-01,8e-03,7e-03,6e-02,3e-03
776,0,1e-02,4e-03,8e-05,4e-03
777,3e-02,8e-03,3e-03,2e-02,3e-03
778,5e-02,1e-02,4e-03,9e-03,2e-03
779,2e-01,8e-03,3e-03,2e-02,2e-03
780,0,4e-03,3e-02,2e-03,2e-03
781,7e-01,4e-02,4e-02,5e-02,3e-03
782,1e-01,2e-02,9e-03,1e-02,2e-03
783,1e-01,2e-02,7e-03,1e-02,2e-03
784,2e-01,2e-02,6e-03,1e-02,2e-03
785,2e-01,1e-02,4e-03,2e-02,2e-03
786,2e-01,8e-03,3e-03,1e-02,2e-03
787,3e-01,4e-03,1e-03,1e-02,2e-03
788,2e-01,0,0,1e-02,2e-03
789,3e-01,2e-02,3e-02,9e-02,4e-03
790,2e-02,1e-02,4e-03,1e-02,3e-03
791,7e-02,8e-03,3e-03,1e-02,2e-03
792,4e-02,4e-03,1e-03,1e-02,2e-03
793,5e-02,0,0,1e-02,2e-03
794,6e-02,4e-03,1e-03,1e-02,2e-03
795,1e-01,0,0,1e-02,2e-03
796,5e-02,8e-03,1e-02,4e-02,2e-03
797,9e-02,1e-02,3e-02,4e-02,2e-03
798,2e-02,1e-02,7e-03,1e-02,3e-03
799,3e-02,8e-03,6e-03,1e-02,2e-03
800,4e-02,4e-03,5e-03,1e-02,2e-03
801,1e-02,0,0,7e-03,2e-03
802,1e-02,4e-03,1e-03,1e-02,2e-03
803,2e-02,0,0,1e-02,2e-03
804,6e-02,8e-03,3e-03,3e-02,3e-03
805,3e-02,4e-03,1e-03,1e-02,2e-03
806,5e-02,0,0,1e-02,2e-03
807,7e-01,4e-02,4e-02,9e-02,3e-03
808,5e-02,0,0,1e-02,2e-03
809,9e-02,1e-02,3e-02,5e-02,2e-03
810,1e-01,8e-03,3e-02,5e-02,2e-03
811,8e-01,4e-02,3e-02,2e-01,5e-03
812,7e-01,3e-02,3e-02,1e-01,4e-03
813,8e-02,0,0,2e-02,2e-03
814,9e-02,4e-03,1e-03,1e-02,2e-03
815,4e-02,4e-03,1e-02,2e-02,2e-03
816,1e-02,0,0,2e-02,2e-03
817,3e-02,8e-03,3e-03,2e-02,3e-03
818,4e-02,4e-03,1e-03,2e-02,2e-03
819,4e-02,8e-03,2e-02,8e-03,2e-03
820,2e-02,0,0,6e-03,2e-03
821,6e-01,3e-02,2e-02,9e-02,6e-03
822,6e-02,4e-03,1e-03,2e-02,2e-03
823,1e-02,8e-03,3e-03,5e-02,5e-03
824,3e-02,8e-03,3e-03,8e-03,3e-03
825,1e-01,3e-02,2e-02,5e-02,3e-03
826,3e-02,0,0,1e-02,2e-03
827,1e-01,2e-02,2e-02,3e-02,2e-03
828,7e-02,4e-03,3e-03,1e-02,2e-03
829,2e-01,0,0,1e-02,2e-03
830,1e-02,8e-03,3e-03,1e-02,3e-03
831,2e-02,4e-03,1e-03,1e-02,2e-03
832,6e-02,0,0,1e-02,2e-03
833,1e-02,0,0,1e-02,2e-03
834,8e-02,0,0,1e-02,2e-03
835,4e-02,4e-03,2e-02,1e-02,2e-03
836,5e-02,4e-03,2e-02,2e-02,3e-03
837,6e-02,3e-02,3e-02,6e-02,8e-03
838,1e-02,4e-03,1e-02,1e-01,3e-03
839,1e-02,0,0,1e-02,2e-03
840,9e-02,5e-02,2e-02,5e-02,7e-03
841,1e-01,8e-03,3e-03,2e-02,2e-03
842,2e-02,2e-02,2e-02,2e-02,4e-03
843,3e-02,1e-02,2e-02,2e-02,3e-03
844,4e-02,8e-03,1e-02,2e-02,3e-03
845,1e-01,4e-02,2e-02,1e-01,6e-03
846,1e-01,1e-02,5e-03,3e-02,4e-03
847,1e-02,0,0,1e-02,2e-03
848,1e-01,8e-03,3e-03,1e-02,2e-03
849,7e-02,4e-03,1e-03,1e-02,2e-03
850,1e-01,1e-02,2e-02,2e-02,2e-03
851,2e-01,4e-03,1e-03,2e-02,2e-03
852,3e-01,2e-02,1e-02,8e-02,5e-03
853,2e-02,1e-02,4e-03,2e-02,3e-03
854,4e-02,8e-03,3e-03,2e-02,2e-03
855,5e-02,4e-03,1e-03,2e-02,2e-03
856,3e-02,0,0,1e-02,2e-03
857,1e-01,2e-02,1e-02,3e-02,2e-03
858,2e-01,2e-02,2e-02,4e-02,2e-03
859,9e-02,8e-03,2e-02,2e-02,2e-03
860,1e-01,8e-03,3e-03,1e-02,2e-03
861,1e-01,4e-03,2e-03,1e-02,2e-03
862,2e-01,4e-03,1e-03,1e-02,2e-03
863,1e-02,4e-03,1e-03,8e-03,2e-03
864,5e-02,0,0,1e-02,2e-03
865,5e-02,0,0,1e-02,2e-03
866,2e-02,4e-03,8e-03,4e-02,2e-03
867,4e-02,4e-03,9e-03,4e-02,2e-03
868,4e-02,2e-02,1e-02,4e-02,3e-03
869,1e-01,8e-03,3e-03,2e-02,2e-03
870,2e-01,4e-03,1e-03,2e-02,2e-03
871,2e-02,0,0,1e-02,2e-03
872,1e-02,4e-03,1e-03,2e-02,3e-03
873,8e-01,2e-02,2e-02,1e-01,2e-03
874,7e-02,4e-03,1e-03,8e-03,2e-03
875,4e-02,0,0,8e-03,2e-03
876,6e-01,8e-03,1e-02,4e-02,2e-03
877,7e-01,1e-02,2e-02,6e-02,2e-03
878,1e-02,4e-03,1e-03,1e-02,2e-03
879,2e-02,0,0,1e-02,2e-03
880,9e-02,4e-03,1e-03,2e-02,2e-03
881,8e-02,4e-03,1e-03,3e-02,2e-03
882,8e-01,2e-02,2e-02,2e-01,6e-03
883,2e-02,4e-03,4e-03,9e-03,2e-03
884,3e-02,8e-03,2e-02,2e-01,2e-03
885,3e-02,0,0,2e-02,2e-03
886,3e-02,0,0,1e-02,2e-03
887,1e-02,4e-03,1e-03,2e-02,2e-03
888,2e-02,0,0,2e-02,2e-03
889,2e-01,8e-03,3e-03,2e-02,2e-03
890,9e-02,4e-03,1e-03,1e-02,2e-03
891,1e-01,0,0,1e-02,2e-03
892,5e-02,4e-03,1e-03,9e-03,2e-03
893,2e-02,0,0,8e-03,2e-03
894,1e-02,2e-02,1e-02,6e-02,8e-03
895,1e-02,2e-02,9e-03,8e-03,6e-03
896,2e-02,2e-02,7e-03,8e-03,4e-03
897,3e-02,2e-02,6e-03,8e-03,3e-03
898,4e-02,1e-02,4e-03,8e-03,3e-03
899,5e-02,8e-03,3e-03,8e-03,2e-03
900,6e-02,4e-03,1e-03,8e-03,2e-03
901,7e-02,0,0,8e-03,2e-03
902,1e-02,3e-02,1e-02,6e-02,9e-03
903,1e-01,2e-02,7e-03,1e-02,2e-03
904,7e-02,2e-02,8e-03,1e-02,2e-03
905,8e-02,8e-03,3e-03,1e-02,2e-03
906,8e-02,2e-02,1e-02,3e-02,3e-03
907,2e-02,2e-02,1e-02,1e-02,4e-03
908,3e-02,2e-02,1e-02,1e-02,3e-03
909,8e-02,3e-02,2e-02,2e-02,4e-03
910,1e-01,3e-02,2e-02,2e-02,3e-03
911,1e-01,2e-02,1e-02,2e-02,3e-03
912,1e-01,2e-02,1e-02,2e-02,3e-03
913,1e-01,2e-02,1e-02,4e-02,3e-03
914,2e-02,0,0,1e-02,2e-03
915,1e-01,1e-02,4e-03,2e-02,2e-03
916,1e-01,8e-03,3e-03,2e-02,2e-03
917,1e-02,0,0,3e-03,2e-03
918,9e-02,2e-02,7e-03,5e-02,4e-03
919,1e-02,8e-03,3e-03,2e-02,3e-03
920,1e-01,4e-03,1e-03,3e-02,2e-03
921,1e-01,8e-03,3e-03,2e-02,2e-03
922,1e-01,4e-03,1e-03,2e-02,2e-03
923,3e-02,4e-03,1e-03,8e-03,3e-03
924,0,2e-02,2e-02,8e-04,6e-03
925,1e-02,1e-02,2e-02,8e-04,3e-03
926,2e-02,8e-03,1e-02,8e-04,2e-03
927,3e-02,4e-03,1e-02,8e-04,2e-03
928,4e-01,3e-02,2e-02,1e-01,9e-03
929,1e-02,4e-03,1e-03,3e-02,3e-03
930,5e-02,4e-03,1e-03,2e-02,2e-03
931,2e-02,0,0,2e-02,2e-03
932,4e-02,1e-02,4e-03,4e-03,3e-03
933,2e-01,8e-03,3e-03,3e-02,2e-03
934,2e-01,4e-03,1e-03,3e-02,3e-03
935,3e-02,0,0,2e-02,2e-03
936,5e-02,8e-03,3e-03,4e-03,2e-03
937,6e-02,4e-03,1e-03,4e-03,2e-03
938,7e-02,0,0,4e-03,2e-03
939,1e-02,0,0,2e-02,2e-03
940,8e-02,8e-03,3e-03,4e-02,3e-03
941,5e-01,3e-02,1e-02,7e-02,6e-03
942,4e-02,0,0,2e-02,2e-03
943,1e-02,4e-03,1e-03,3e-02,3e-03
944,1e-02,8e-03,1e-02,2e-02,3e-03
945,2e-02,4e-03,1e-02,2e-02,2e-03
946,6e-01,3e-02,1e-02,2e-01,1e-02
947,3e-02,0,0,2e-02,2e-03
948,4e-02,0,0,2e-02,2e-03
949,1e-02,2e-02,9e-03,4e-02,7e-03
950,2e-02,2e-02,7e-03,4e-02,5e-03
951,3e-02,2e-02,6e-03,4e-02,4e-03
952,1e-01,0,0,2e-02,2e-03
953,1e-01,4e-03,1e-03,3e-02,3e-03
954,2e-01,0,0,2e-02,2e-03
955,2e-02,4e-03,1e-03,2e-02,2e-03
956,3e-02,0,0,2e-02,2e-03
957,2e-02,4e-03,9e-03,2e-02,3e-03
958,1e-02,0,0,1e-02,2e-03
959,1e-01,4e-03,1e-03,2e-02,2e-03
960,2e-01,4e-03,1e-03,2e-02,2e-03
961,2e-01,0,0,1e-02,2e-03
962,4e-02,1e-02,4e-03,3e-02,3e-03
963,1e-01,4e-03,1e-03,2e-02,2e-03
964,9e-02,0,0,2e-02,2e-03
965,0,4e-03,1e-03,3e-05,2e-03
966,2e-01,0,0,1e-02,2e-03
967,2e-02,0,0,4e-03,2e-03
968,5e-02,1e-02,4e-03,6e-03,2e-03
969,6e-02,8e-03,3e-03,6e-03,2e-03
970,7e-02,4e-03,1e-03,6e-03,2e-03
971,8e-02,0,0,6e-03,2e-03
972,1e-01,0,0,2e-02,2e-03
973,2e-02,0,0,2e-02,2e-03
974,3e-02,1e-02,4e-03,3e-03,3e-03
975,4e-02,8e-03,3e-03,3e-03,2e-03
976,7e-02,4e-03,1e-03,9e-03,2e-03
977,6e-02,0,0,6e-03,2e-03
978,2e-02,4e-03,1e-03,6e-03,2e-03
979,3e-02,0,0,6e-03,2e-03
980,4e-02,4e-03,1e-03,1e-02,2e-03
981,1e-01,0,0,1e-02,2e-03
982,4e-02,4e-03,1e-03,9e-03,2e-03
983,4e-02,4e-03,9e-03,5e-02,3e-03
984,5e-02,0,0,6e-03,2e-03
985,2e-01,0,0,1e-02,2e-03
986,3e-02,0,0,5e-03,2e-03
987,1e-01,4e-03,2e-03,2e-02,2e-03
988,2e-02,4e-03,1e-03,8e-03,2e-03
989,3e-02,0,0,8e-03,2e-03
990,0,4e-03,1e-03,3e-05,3e-03
991,1e-02,0,0,3e-05,2e-03
992,0,4e-03,1e-03,3e-05,3e-03
993,1e-02,0,0,3e-05,2e-03
994,0,4e-03,1e-03,3e-05,3e-03
995,1e-02,0,0,3e-05,2e-03
996,0,4e-03,1e-03,3e-05,3e-03
997,1e-02,0,0,3e-05,2e-03
998,0,1e-02,4e-03,8e-05,6e-03
999,1e-02,8e-03,3e-03,8e-05,3e-03
1000,2e-02,4e-03,1e-03,8e-05,2e-03
1001,3e-02,0,0,8e-05,2e-03
1002,0,4e-03,1e-03,3e-05,3e-03
1003,1e-02,0,0,3e-05,2e-03
1004,0,4e-03,3e-03,8e-05,3e-03
1005,3e-02,8e-03,3e-03,3e-02,4e-03
1006,0,4e-03,1e-03,3e-05,3e-03
1007,1e-02,0,0,3e-05,2e-03
1008,0,4e-03,1e-03,3e-05,3e-03
1009,1e-02,0,0,3e-05,2e-03
1010,0,4e-03,1e-03,3e-05,3e-03
1011,1e-02,0,0,3e-05,2e-03
1012,0,4e-03,1e-03,3e-05,3e-03
1013,1e-02,0,0,3e-05,2e-03
1014,0,4e-03,1e-03,3e-05,3e-03
1015,1e-02,0,0,3e-05,2e-03
1016,0,8e-03,3e-03,1e-04,7e-03
1017,1e-02,4e-03,2e-03,1e-04,4e-03
1018,2e-02,4e-03,2e-03,2e-04,4e-03
1019,0,8e-03,3e-03,5e-05,5e-03
1020,1e-02,4e-03,1e-03,5e-05,2e-03
1021,2e-02,0,0,5e-05,2e-03
1022,0,4e-03,1e-03,3e-05,3e-03
1023,1e-02,0,0,3e-05,2e-03
1024,0,8e-03,3e-03,5e-05,5e-03
1025,1e-02,4e-03,1e-03,5e-05,2e-03
1026,2e-02,0,0,5e-05,2e-03
1027,0,4e-03,3e-03,1e-04,3e-03
1028,1e-02,4e-03,3e-03,2e-04,2e-03
1029,0,4e-03,1e-03,3e-05,3e-03
1030,1e-02,0,0,3e-05,2e-03
1031,0,4e-03,2e-03,8e-05,4e-03
1032,1e-02,4e-03,2e-03,1e-04,3e-03
1033,0,8e-03,3e-03,8e-05,5e-03
1034,1e-02,4e-03,2e-03,8e-05,3e-03
1035,3e-02,4e-03,1e-03,2e-04,3e-03
1036,0,8e-03,3e-03,5e-05,5e-03
1037,1e-02,4e-03,1e-03,5e-05,2e-03
1038,2e-02,0,0,5e-05,2e-03
1039,0,4e-03,1e-03,3e-05,3e-03
1040,1e-02,0,0,3e-05,2e-03
1041,0,2e-02,6e-03,1e-04,7e-03
1042,1e-02,1e-02,4e-03,1e-04,4e-03
1043,2e-02,8e-03,3e-03,1e-04,3e-03
1044,3e-02,4e-03,1e-03,1e-04,2e-03
1045,4e-02,0,0,1e-04,2e-03
1046,0,4e-03,1e-03,3e-05,3e-03
1047,1e-02,0,0,3e-05,2e-03
1048,0,4e-03,1e-03,3e-05,3e-03
1049,1e-02,0,0,3e-05,2e-03
1050,0,4e-03,1e-03,3e-05,3e-03
1051,1e-02,0,0,3e-05,2e-03
1052,0,4e-03,1e-03,3e-05,3e-03
1053,1e-02,0,0,3e-05,2e-03
1054,0,4e-03,1e-03,3e-05,3e-03
1055,1e-02,0,0,3e-05,2e-03
1056,0,4e-03,1e-03,3e-05,3e-03
1057,1e-02,0,0,3e-05,2e-03
1058,0,4e-03,1e-03,3e-05,3e-03
1059,1e-02,0,0,3e-05,2e-03
1060,0,8e-03,3e-03,5e-05,5e-03
1061,1e-02,4e-03,1e-03,5e-05,2e-03
1062,2e-02,0,0,5e-05,2e-03
1063,0,4e-03,1e-03,3e-05,3e-03
1064,1e-02,0,0,3e-05,2e-03
1065,0,8e-03,3e-03,5e-05,5e-03
1066,1e-02,4e-03,1e-03,5e-05,2e-03
1067,2e-02,0,0,5e-05,2e-03
1068,0,1e-02,4e-03,8e-05,6e-03
1069,1e-02,8e-03,3e-03,8e-05,3e-03
1070,2e-02,4e-03,1e-03,8e-05,2e-03
1071,3e-02,0,0,8e-05,2e-03
1072,0,4e-03,1e-03,3e-05,3e-03
1073,1e-02,0,0,3e-05,2e-03
1074,0,8e-03,3e-03,5e-05,5e-03
1075,1e-02,4e-03,1e-03,5e-05,2e-03
1076,2e-02,0,0,5e-05,2e-03
1077,2e-02,0,0,1e-02,2e-03
1078,0,4e-03,1e-03,3e-05,3e-03
1079,1e-02,0,0,3e-05,2e-03
1080,0,4e-03,1e-03,3e-05,3e-03
1081,1e-02,0,0,3e-05,2e-03
1082,0,2e-02,6e-03,2e-04,9e-03
1083,1e-02,1e-02,5e-03,2e-04,5e-03
1084,2e-02,8e-03,3e-03,2e-04,3e-03
1085,3e-02,4e-03,2e-03,2e-04,3e-03
1086,4e-02,4e-03,2e-03,4e-04,4e-03
1087,0,6e-02,2e-02,6e-04,2e-02
1088,1e-02,6e-02,2e-02,6e-04,1e-02
1089,2e-02,5e-02,2e-02,6e-04,8e-03
1090,3e-02,5e-02,2e-02,6e-04,7e-03
1091,4e-02,5e-02,2e-02,6e-04,5e-03
1092,5e-02,4e-02,2e-02,6e-04,5e-03
1093,6e-02,4e-02,1e-02,6e-04,4e-03
1094,7e-02,3e-02,1e-02,6e-04,4e-03
1095,8e-02,3e-02,2e-02,7e-04,4e-03
1096,9e-02,3e-02,1e-02,7e-04,3e-03
1097,1e-01,3e-02,1e-02,7e-04,3e-03
1098,1e-01,2e-02,1e-02,7e-04,3e-03
1099,1e-01,2e-02,1e-02,7e-04,3e-03
1100,1e-01,2e-02,9e-03,7e-04,2e-03
1101,1e-01,1e-02,7e-03,7e-04,2e-03
1102,2e-01,8e-03,6e-03,7e-04,2e-03
1103,2e-01,4e-03,5e-03,7e-04,2e-03
1104,0,2e-02,6e-03,1e-04,7e-03
1105,1e-02,1e-02,4e-03,1e-04,4e-03
1106,2e-02,8e-03,3e-03,1e-04,3e-03
1107,3e-02,4e-03,1e-03,1e-04,2e-03
1108,4e-02,0,0,1e-04,2e-03
1109,0,8e-03,4e-03,1e-04,5e-03
1110,1e-02,1e-02,4e-03,1e-04,3e-03
1111,2e-02,8e-03,3e-03,1e-04,2e-03
1112,0,4e-03,1e-03,3e-05,3e-03
1113,1e-02,0,0,3e-05,2e-03
1114,0,4e-03,1e-03,3e-05,3e-03
1115,1e-02,0,0,3e-05,2e-03
1116,0,4e-03,1e-03,3e-05,3e-03
1117,1e-02,0,0,3e-05,2e-03
1118,0,4e-03,1e-03,3e-05,3e-03
1119,1e-02,0,0,3e-05,2e-03
1120,1e-02,0,0,4e-03,2e-03
1121,0,8e-03,3e-03,5e-05,5e-03
1122,1e-02,4e-03,1e-03,5e-05,2e-03
1123,2e-02,0,0,5e-05,2e-03
1124,0,8e-03,3e-03,5e-05,5e-03
1125,1e-02,4e-03,1e-03,5e-05,2e-03
1126,2e-02,0,0,5e-05,2e-03
1127,0,4e-03,1e-03,3e-05,3e-03
1128,1e-02,0,0,3e-05,2e-03
1129,0,4e-03,5e-03,2e-04,5e-03
1130,1e-02,2e-02,7e-03,4e-04,4e-03
1131,0,2e-02,6e-03,1e-04,7e-03
1132,1e-02,1e-02,4e-03,1e-04,4e-03
1133,2e-02,8e-03,3e-03,1e-04,3e-03
1134,3e-02,4e-03,1e-03,1e-04,2e-03
1135,4e-02,0,0,1e-04,2e-03
1136,0,2e-02,6e-03,1e-04,6e-03
1137,1e-02,1e-02,4e-03,1e-04,3e-03
1138,2e-02,8e-03,3e-03,1e-04,2e-03
1139,5e-02,4e-03,1e-03,2e-04,2e-03
1140,6e-02,0,0,2e-04,2e-03
1141,0,2e-02,6e-03,1e-04,7e-03
1142,1e-02,1e-02,4e-03,1e-04,4e-03
1143,2e-02,8e-03,3e-03,1e-04,3e-03
1144,3e-02,4e-03,1e-03,1e-04,2e-03
1145,4e-02,0,0,1e-04,2e-03
1146,0,4e-03,1e-03,3e-05,3e-03
1147,1e-02,0,0,3e-05,2e-03
1148,0,1e-02,2e-02,9e-04,3e-03
1149,3e-02,2e-02,2e-02,1e-03,3e-03
1150,4e-02,1e-02,2e-02,1e-03,2e-03
1151,5e-02,8e-03,2e-02,1e-03,2e-03
1152,0,4e-03,1e-03,3e-05,3e-03
1153,1e-02,0,0,3e-05,2e-03
1154,0,1e-02,4e-03,8e-05,6e-03
1155,1e-02,8e-03,3e-03,8e-05,3e-03
1156,2e-02,4e-03,1e-03,8e-05,2e-03
1157,3e-02,0,0,8e-05,2e-03
1158,6e-02,0,0,8e-03,2e-03
1159,0,2e-02,7e-03,2e-04,9e-03
1160,1e-02,2e-02,6e-03,2e-04,5e-03
1161,2e-02,1e-02,5e-03,2e-04,3e-03
1162,3e-02,8e-03,3e-03,2e-04,3e-03
1163,4e-02,4e-03,2e-03,2e-04,2e-03
1164,5e-02,4e-03,2e-03,5e-04,2e-03
1165,0,2e-02,7e-03,1e-04,8e-03
1166,1e-02,2e-02,6e-03,1e-04,4e-03
1167,2e-02,1e-02,4e-03,1e-04,3e-03
1168,3e-02,8e-03,3e-03,1e-04,2e-03
1169,4e-02,4e-03,1e-03,1e-04,2e-03
1170,5e-02,0,0,1e-04,2e-03
1171,0,4e-03,1e-03,3e-05,3e-03
1172,1e-02,0,0,3e-05,2e-03
1173,0,4e-03,1e-03,3e-05,3e-03
1174,1e-02,0,0,3e-05,2e-03
1175,0,8e-03,3e-03,8e-05,5e-03
1176,1e-02,8e-03,3e-03,9e-05,3e-03
1177,3e-02,4e-03,1e-03,4e-04,2e-03
1178,0,4e-03,2e-02,1e-03,2e-03
1179,4e-02,2e-02,2e-02,4e-02,4e-03
1180,0,8e-03,3e-03,5e-05,5e-03
1181,1e-02,4e-03,1e-03,5e-05,2e-03
1182,2e-02,0,0,5e-05,2e-03
1183,0,8e-03,3e-03,5e-05,5e-03
1184,1e-02,4e-03,1e-03,5e-05,2e-03
1185,2e-02,0,0,5e-05,2e-03
1186,0,4e-03,1e-03,3e-05,3e-03
1187,1e-02,0,0,3e-05,2e-03
1188,0,3e-02,1e-02,2e-04,1e-02
1189,1e-02,2e-02,9e-03,2e-04,6e-03
1190,2e-02,2e-02,7e-03,2e-04,4e-03
1191,3e-02,2e-02,6e-03,2e-04,3e-03
1192,4e-02,1e-02,4e-03,2e-04,3e-03
1193,5e-02,8e-03,3e-03,2e-04,2e-03
1194,6e-02,4e-03,1e-03,2e-04,2e-03
1195,7e-02,0,0,2e-04,2e-03
1196,0,4e-03,1e-03,3e-05,3e-03
1197,1e-02,0,0,3e-05,2e-03
1198,0,1e-02,4e-03,8e-05,6e-03
1199,1e-02,8e-03,3e-03,8e-05,3e-03
1200,2e-02,4e-03,1e-03,8e-05,2e-03
1201,3e-02,0,0,8e-05,2e-03
1202,0,2e-02,6e-03,1e-04,6e-03
1203,1e-02,1e-02,4e-03,1e-04,3e-03
1204,2e-02,8e-03,3e-03,1e-04,2e-03
1205,4e-02,4e-03,1e-03,1e-02,2e-03
1206,5e-02,0,0,1e-02,2e-03
1207,0,4e-03,1e-03,3e-05,3e-03
1208,1e-02,0,0,3e-05,2e-03
1209,4e-02,0,0,2e-02,2e-03
1210,0,4e-03,1e-03,3e-05,3e-03
1211,1e-02,0,0,3e-05,2e-03
1212,0,4e-03,2e-03,5e-05,4e-03
1213,1e-02,4e-03,1e-03,8e-05,3e-03
1214,0,4e-03,1e-03,3e-05,3e-03
1215,1e-02,0,0,3e-05,2e-03
1216,0,4e-03,1e-03,3e-05,3e-03
1217,1e-02,0,0,3e-05,2e-03
1218,0,4e-03,1e-03,3e-05,3e-03
1219,1e-02,0,0,3e-05,2e-03
1220,0,8e-03,3e-03,5e-05,5e-03
1221,1e-02,4e-03,1e-03,5e-05,2e-03
1222,2e-02,0,0,5e-05,2e-03
1223,0,4e-03,5e-03,3e-04,2e-03
1224,3e-02,4e-03,7e-03,4e-03,2e-03
1225,0,4e-03,5e-03,3e-04,4e-03
1226,1e-02,4e-03,6e-03,7e-04,3e-03
1227,1e-02,0,0,2e-02,2e-03
1228,0,2e-02,1e-02,3e-04,1e-02
1229,1e-02,2e-02,9e-03,3e-04,7e-03
1230,2e-02,2e-02,1e-02,3e-04,6e-03
1231,3e-02,2e-02,7e-03,3e-04,4e-03
1232,4e-02,2e-02,7e-03,4e-04,5e-03
1233,5e-02,8e-03,3e-03,2e-04,2e-03
1234,7e-02,4e-03,1e-03,6e-03,2e-03
1235,0,4e-03,1e-03,3e-05,3e-03
1236,1e-02,0,0,3e-05,2e-03
1237,1e-02,0,0,1e-02,2e-03
1238,0,4e-03,1e-03,3e-05,3e-03
1239,1e-02,0,0,3e-05,2e-03
1240,0,1e-02,4e-03,8e-05,6e-03
1241,1e-02,8e-03,3e-03,8e-05,3e-03
1242,2e-02,4e-03,1e-03,8e-05,2e-03
1243,3e-02,0,0,8e-05,2e-03
1244,0,8e-03,3e-03,5e-05,5e-03
1245,1e-02,4e-03,1e-03,5e-05,2e-03
1246,2e-02,0,0,5e-05,2e-03
1247,0,8e-03,3e-03,5e-05,5e-03
1248,1e-02,4e-03,1e-03,5e-05,2e-03
1249,2e-02,0,0,5e-05,2e-03
1250,0,8e-03,3e-03,5e-05,5e-03
1251,1e-02,4e-03,1e-03,5e-05,2e-03
1252,2e-02,0,0,5e-05,2e-03
1253,0,4e-03,1e-03,3e-05,3e-03
1254,1e-02,0,0,3e-05,2e-03
1255,0,4e-03,1e-03,3e-05,3e-03
1256,1e-02,0,0,3e-05,2e-03
1257,1e-02,0,0,2e-03,2e-03
1258,0,4e-03,1e-03,3e-05,3e-03
1259,1e-02,0,0,3e-05,2e-03
1260,0,4e-03,1e-03,3e-05,3e-03
1261,1e-02,0,0,3e-05,2e-03
1262,0,1e-02,4e-03,8e-05,6e-03
1263,1e-02,8e-03,3e-03,8e-05,3e-03
1264,2e-02,4e-03,1e-03,8e-05,2e-03
1265,3e-02,0,0,8e-05,2e-03
1266,0,2e-02,6e-03,1e-04,7e-03
1267,1e-02,1e-02,4e-03,1e-04,4e-03
1268,2e-02,8e-03,3e-03,1e-04,3e-03
1269,3e-02,4e-03,1e-03,1e-04,2e-03
1270,4e-02,0,0,1e-04,2e-03
1271,4e-02,0,0,2e-02,2e-03
1272,0,8e-03,3e-03,5e-05,5e-03
1273,1e-02,4e-03,1e-03,5e-05,2e-03
1274,2e-02,0,0,5e-05,2e-03
1275,0,8e-03,3e-03,5e-05,5e-03
1276,1e-02,4e-03,1e-03,5e-05,2e-03
1277,2e-02,0,0,5e-05,2e-03
1278,0,4e-03,1e-03,3e-05,3e-03
1279,1e-02,0,0,3e-05,2e-03
1280,0,4e-03,1e-03,3e-05,3e-03
1281,1e-02,0,0,3e-05,2e-03
1282,0,8e-03,8e-03,7e-04,3e-03
1283,3e-02,2e-02,9e-03,3e-02,3e-03
1284,4e-02,1e-02,8e-03,3e-02,3e-03
1285,0,4e-03,1e-03,3e-05,2e-03
1286,3e-02,0,0,8e-03,2e-03
1287,0,5e-02,2e-02,3e-04,2e-02
1288,1e-02,4e-02,2e-02,3e-04,9e-03
1289,2e-02,4e-02,1e-02,3e-04,6e-03
1290,3e-02,3e-02,1e-02,3e-04,5e-03
1291,4e-02,3e-02,1e-02,3e-04,4e-03
1292,5e-02,3e-02,1e-02,3e-04,3e-03
1293,6e-02,2e-02,9e-03,3e-04,3e-03
1294,7e-02,2e-02,7e-03,3e-04,3e-03
1295,8e-02,2e-02,6e-03,3e-04,2e-03
1296,9e-02,1e-02,4e-03,3e-04,2e-03
1297,1e-01,8e-03,3e-03,3e-04,2e-03
1298,1e-01,4e-03,1e-03,3e-04,2e-03
1299,1e-01,0,0,3e-04,2e-03
1300,0,4e-03,2e-03,5e-05,3e-03
1301,1e-02,4e-03,1e-03,8e-05,2e-03
1302,0,8e-03,3e-02,2e-03,5e-03
1303,4e-02,4e-03,3e-02,1e-02,4e-03
1304,6e-02,6e-02,4e-02,1e-01,2e-02
1305,0,8e-03,2e-02,2e-03,4e-03
1306,1e-02,4e-03,2e-02,2e-03,2e-03
1307,1e-01,2e-02,3e-02,1e-01,2e-03
1308,0,8e-03,7e-03,6e-04,5e-03
1309,1e-02,1e-02,7e-03,6e-04,4e-03
1310,7e-02,8e-03,7e-03,3e-02,4e-03
1311,0,8e-03,5e-03,2e-04,4e-03
1312,1e-02,4e-03,4e-03,2e-04,2e-03
1313,4e-02,8e-03,5e-03,7e-03,3e-03
1314,0,1e-02,6e-03,2e-04,7e-03
1315,1e-02,8e-03,5e-03,2e-04,4e-03
1316,2e-02,4e-03,4e-03,2e-04,3e-03
1317,3e-02,1e-02,5e-03,5e-04,4e-03
1318,0,6e-02,3e-02,6e-04,2e-02
1319,1e-02,5e-02,2e-02,6e-04,1e-02
1320,2e-02,5e-02,2e-02,6e-04,7e-03
1321,3e-02,5e-02,2e-02,6e-04,6e-03
1322,4e-02,7e-02,3e-02,7e-04,5e-03
1323,5e-02,7e-02,3e-02,7e-04,5e-03
1324,6e-02,7e-02,3e-02,7e-04,4e-03
1325,7e-02,6e-02,2e-02,7e-04,4e-03
1326,2e-01,6e-02,2e-02,7e-03,3e-03
1327,2e-01,5e-02,2e-02,7e-03,3e-03
1328,2e-01,5e-02,2e-02,7e-03,3e-03
1329,2e-01,5e-02,2e-02,7e-03,3e-03
1330,2e-01,4e-02,2e-02,7e-03,3e-03
1331,3e-01,4e-02,2e-02,8e-03,3e-03
1332,2e-01,3e-02,1e-02,7e-03,3e-03
1333,2e-01,3e-02,1e-02,7e-03,3e-03
1334,0,4e-03,1e-02,7e-04,2e-03
1335,5e-02,1e-02,1e-02,7e-03,4e-03
1336,0,4e-03,1e-03,3e-05,3e-03
1337,1e-02,0,0,3e-05,2e-03
1338,4e-02,4e-03,2e-03,8e-03,2e-03
1339,7e-02,4e-03,1e-03,1e-02,2e-03
1340,0,2e-02,6e-03,1e-04,7e-03
1341,1e-02,1e-02,4e-03,1e-04,4e-03
1342,2e-02,8e-03,3e-03,1e-04,3e-03
1343,3e-02,4e-03,1e-03,1e-04,2e-03
1344,4e-02,0,0,1e-04,2e-03
1345,0,4e-03,1e-03,3e-05,2e-03
1346,2e-02,0,0,2e-03,2e-03
1347,0,4e-03,2e-03,5e-05,4e-03
1348,1e-02,4e-03,1e-03,8e-05,3e-03
1349,0,4e-03,1e-03,3e-05,3e-03
1350,1e-02,0,0,3e-05,2e-03
1351,0,4e-03,1e-03,3e-05,2e-03
1352,4e-02,0,0,2e-04,2e-03
1353,0,8e-03,3e-03,5e-05,5e-03
1354,1e-02,4e-03,1e-03,5e-05,2e-03
1355,2e-02,0,0,5e-05,2e-03
1356,0,4e-03,1e-03,3e-05,3e-03
1357,1e-02,0,0,3e-05,2e-03
1358,0,4e-03,1e-03,3e-05,3e-03
1359,1e-02,0,0,3e-05,2e-03
1360,0,2e-02,8e-03,3e-04,5e-03
1361,1e-02,1e-02,7e-03,3e-04,3e-03
1362,6e-02,8e-03,6e-03,1e-02,2e-03
1363,5e-02,8e-03,8e-03,7e-03,2e-03
1364,7e-02,0,0,5e-03,2e-03
1365,0,8e-03,3e-03,5e-05,5e-03
1366,1e-02,4e-03,1e-03,5e-05,2e-03
1367,2e-02,0,0,5e-05,2e-03
1368,0,4e-03,1e-03,3e-05,3e-03
1369,1e-02,0,0,3e-05,2e-03
1370,0,4e-03,1e-03,3e-05,3e-03
1371,1e-02,0,0,3e-05,2e-03
1372,0,4e-03,2e-02,1e-03,2e-03
1373,9e-02,2e-02,2e-02,1e-02,2e-03
1374,1e-02,4e-03,1e-03,8e-03,2e-03
1375,2e-02,0,0,8e-03,2e-03
1376,0,4e-03,1e-03,3e-05,3e-03
1377,1e-02,0,0,3e-05,2e-03
1378,0,4e-03,1e-03,3e-05,3e-03
1379,1e-02,0,0,3e-05,2e-03
1380,0,4e-03,1e-03,3e-05,3e-03
1381,1e-02,0,0,3e-05,2e-03
1382,0,4e-03,1e-03,3e-05,3e-03
1383,1e-02,0,0,3e-05,2e-03
1384,0,8e-03,3e-03,5e-05,5e-03
1385,1e-02,4e-03,1e-03,5e-05,2e-03
1386,2e-02,0,0,5e-05,2e-03
1387,0,2e-02,9e-03,3e-04,6e-03
1388,1e-02,1e-02,7e-03,3e-04,3e-03
1389,5e-02,2e-02,8e-03,9e-03,3e-03
1390,6e-02,2e-02,9e-03,1e-02,3e-03
1391,7e-02,2e-02,7e-03,1e-02,3e-03
1392,3e-02,1e-02,4e-03,2e-02,3e-03
1393,4e-02,8e-03,3e-03,2e-02,2e-03
1394,5e-02,4e-03,1e-03,2e-02,2e-03
1395,6e-02,0,0,2e-02,2e-03
1396,0,4e-03,1e-03,3e-05,2e-03
1397,5e-02,0,0,3e-03,2e-03
1398,0,4e-03,1e-03,3e-05,2e-03
1399,5e-02,0,0,8e-03,2e-03
1400,0,4e-03,1e-03,3e-05,3e-03
1401,1e-02,0,0,3e-05,2e-03
1402,0,4e-03,1e-03,3e-05,2e-03
1403,1e-01,0,0,8e-03,2e-03
1404,0,4e-03,1e-03,3e-05,3e-03
1405,1e-02,0,0,3e-05,2e-03
1406,0,4e-03,1e-03,3e-05,3e-03
1407,1e-02,0,0,3e-05,2e-03
1408,1e-02,0,0,3e-03,2e-03
1409,0,2e-02,2e-02,2e-03,8e-03
1410,1e-02,3e-02,2e-02,2e-03,5e-03
1411,3e-02,2e-02,2e-02,3e-03,4e-03
1412,5e-02,2e-02,2e-02,2e-02,3e-03
1413,8e-02,2e-02,2e-02,2e-02,3e-03
1414,1e-02,0,0,3e-03,2e-03
1415,0,4e-03,1e-02,1e-03,4e-03
1416,1e-02,8e-03,2e-02,2e-03,2e-03
1417,0,8e-03,1e-02,6e-04,7e-03
1418,1e-02,8e-03,1e-02,9e-04,5e-03
1419,3e-02,4e-03,1e-02,2e-03,3e-03
1420,1e-02,4e-03,1e-03,3e-03,2e-03
1421,3e-02,0,0,3e-03,2e-03
1422,0,4e-02,1e-02,4e-04,1e-02
1423,1e-02,3e-02,1e-02,4e-04,6e-03
1424,2e-02,3e-02,1e-02,4e-04,4e-03
1425,4e-02,3e-02,9e-03,7e-04,3e-03
1426,7e-02,3e-02,1e-02,2e-02,3e-03
1427,7e-02,2e-02,9e-03,2e-02,3e-03
1428,8e-02,2e-02,8e-03,2e-02,2e-03
1429,1e-01,2e-02,7e-03,2e-02,2e-03
1430,1e-01,1e-02,6e-03,2e-02,2e-03
1431,1e-01,8e-03,5e-03,2e-02,2e-03
1432,1e-01,4e-03,4e-03,2e-02,2e-03
1433,1e-02,2e-02,7e-03,3e-03,4e-03
1434,2e-02,2e-02,6e-03,3e-03,3e-03
1435,3e-02,1e-02,4e-03,3e-03,2e-03
1436,2e-01,8e-03,3e-03,4e-03,2e-03
1437,2e-01,4e-03,1e-03,7e-03,2e-03
1438,2e-01,0,0,5e-03,2e-03
1439,0,4e-03,1e-03,3e-05,3e-03
1440,1e-02,0,0,3e-05,2e-03
1441,0,4e-03,1e-03,3e-05,2e-03
1442,2e-02,0,0,8e-03,2e-03
1443,0,4e-03,1e-03,3e-05,3e-03
1444,1e-02,0,0,3e-05,2e-03
1445,0,1e-02,1e-02,9e-04,5e-03
1446,1e-02,8e-03,1e-02,9e-04,3e-03
1447,2e-02,4e-03,1e-02,9e-04,2e-03
1448,7e-02,1e-02,2e-02,2e-02,2e-03
1449,0,4e-03,1e-03,3e-05,3e-03
1450,1e-02,0,0,3e-05,2e-03
1451,1e-02,0,0,3e-03,2e-03
1452,1e-02,1e-02,9e-03,8e-03,3e-03
1453,5e-02,1e-02,9e-03,1e-02,3e-03
1454,4e-02,1e-02,8e-03,2e-02,3e-03
1455,8e-02,4e-03,7e-03,1e-02,2e-03
1456,0,4e-03,3e-03,1e-04,4e-03
1457,1e-02,8e-03,3e-03,2e-04,2e-03
1458,0,4e-03,1e-03,3e-05,2e-03
1459,3e-02,0,0,1e-02,2e-03
1460,1e-02,0,0,1e-02,2e-03
1461,0,4e-03,2e-03,5e-05,2e-03
1462,6e-02,4e-03,1e-03,8e-04,3e-03
1463,0,4e-03,1e-03,3e-05,3e-03
1464,1e-02,0,0,3e-05,2e-03
1465,0,1e-02,7e-03,4e-04,4e-03
1466,2e-02,1e-02,8e-03,1e-02,3e-03
1467,3e-02,8e-03,7e-03,1e-02,2e-03
1468,7e-02,4e-03,6e-03,1e-02,2e-03
1469,0,1e-02,4e-03,8e-05,6e-03
1470,1e-02,8e-03,3e-03,8e-05,3e-03
1471,2e-02,4e-03,1e-03,8e-05,2e-03
1472,3e-02,0,0,8e-05,2e-03
1473,0,4e-03,1e-03,3e-05,3e-03
1474,1e-02,0,0,3e-05,2e-03
1475,0,2e-02,7e-03,1e-04,8e-03
1476,1e-02,2e-02,6e-03,1e-04,4e-03
1477,2e-02,1e-02,4e-03,1e-04,3e-03
1478,3e-02,8e-03,3e-03,1e-04,2e-03
1479,4e-02,4e-03,1e-03,1e-04,2e-03
1480,8e-02,0,0,3e-03,2e-03
1481,0,2e-02,8e-03,3e-04,4e-03
1482,1e-02,1e-02,7e-03,3e-04,2e-03
1483,1e-01,2e-02,8e-03,3e-02,3e-03
1484,1e-01,1e-02,4e-03,9e-03,3e-03
1485,2e-01,8e-03,3e-03,1e-02,3e-03
1486,0,4e-03,1e-03,3e-05,2e-03
1487,5e-02,0,0,3e-03,2e-03
1488,0,8e-03,2e-02,2e-03,4e-03
1489,1e-02,4e-03,2e-02,2e-03,2e-03
1490,6e-02,8e-03,2e-02,1e-02,2e-03
1491,1e-02,0,0,8e-03,2e-03
1492,0,4e-03,1e-03,3e-05,3e-03
1493,1e-02,0,0,3e-05,2e-03
1494,0,8e-03,3e-03,5e-05,5e-03
1495,1e-02,4e-03,1e-03,5e-05,2e-03
1496,2e-02,0,0,5e-05,2e-03
1497,0,4e-03,1e-03,3e-05,2e-03
1498,3e-02,0,0,4e-03,2e-03
1499,2e-02,2e-02,2e-02,1e-02,2e-03
1500,2e-01,3e-02,3e-02,3e-02,3e-03
1501,2e-01,3e-02,3e-02,9e-02,3e-03
1502,2e-01,3e-02,3e-02,2e-01,3e-03
1503,2e-01,1e-02,2e-02,2e-02,2e-03
1504,0,1e-02,4e-03,8e-05,6e-03
1505,1e-02,8e-03,3e-03,8e-05,3e-03
1506,2e-02,4e-03,1e-03,8e-05,2e-03
1507,3e-02,0,0,8e-05,2e-03
1508,0,4e-03,1e-03,3e-05,3e-03
1509,1e-02,0,0,3e-05,2e-03
1510,2e-02,4e-02,5e-02,4e-03,1e-02
1511,3e-02,3e-02,5e-02,4e-03,8e-03
1512,4e-02,3e-02,5e-02,4e-03,7e-03
1513,5e-02,3e-02,5e-02,4e-03,6e-03
1514,6e-02,3e-02,6e-02,6e-03,9e-03
1515,7e-02,5e-02,5e-02,5e-03,6e-03
1516,8e-02,5e-02,6e-02,7e-03,8e-03
1517,9e-02,5e-02,6e-02,7e-03,7e-03
1518,3e-01,3e-02,3e-02,2e-01,3e-03
1519,2e-01,4e-02,3e-02,6e-02,3e-03
1520,2e-01,2e-02,9e-03,2e-02,2e-03
1521,0,4e-03,1e-03,3e-05,2e-03
1522,4e-02,0,0,4e-04,2e-03
1523,0,8e-03,4e-03,2e-04,5e-03
1524,1e-02,4e-03,3e-03,2e-04,3e-03
1525,2e-02,4e-03,3e-03,5e-04,3e-03
1526,0,1e-02,5e-03,2e-04,3e-03
1527,5e-02,1e-02,6e-03,5e-03,3e-03
1528,4e-02,4e-03,1e-03,2e-03,2e-03
1529,6e-02,0,0,3e-03,2e-03
1530,0,4e-03,1e-03,3e-05,3e-03
1531,1e-02,0,0,3e-05,2e-03
1532,1e-01,4e-02,3e-02,1e-02,3e-03
1533,1e-01,4e-02,3e-02,1e-02,3e-03
1534,2e-01,3e-02,3e-02,1e-02,2e-03
1535,2e-01,3e-02,3e-02,2e-02,3e-03
1536,2e-01,3e-02,3e-02,1e-02,2e-03
1537,2e-01,3e-02,3e-02,1e-02,2e-03
1538,2e-01,3e-02,3e-02,1e-02,2e-03
1539,5e-01,2e-02,3e-02,5e-02,2e-03
1540,4e-01,2e-02,3e-02,2e-02,2e-03
1541,4e-01,3e-02,3e-02,7e-02,4e-03
1542,4e-01,2e-02,2e-02,5e-02,3e-03
1543,4e-01,4e-03,1e-03,1e-02,2e-03
1544,0,8e-03,3e-03,5e-05,5e-03
1545,1e-02,4e-03,1e-03,5e-05,2e-03
1546,2e-02,0,0,5e-05,2e-03
1547,0,8e-03,3e-03,5e-05,4e-03
1548,1e-02,4e-03,1e-03,5e-05,2e-03
1549,4e-02,0,0,4e-03,2e-03
1550,0,8e-03,3e-03,5e-05,4e-03
1551,1e-02,4e-03,1e-03,5e-05,2e-03
1552,3e-02,0,0,3e-03,2e-03
1553,0,2e-02,6e-03,1e-04,7e-03
1554,1e-02,1e-02,4e-03,1e-04,4e-03
1555,2e-02,8e-03,3e-03,1e-04,3e-03
1556,3e-02,4e-03,1e-03,1e-04,2e-03
1557,4e-02,0,0,1e-04,2e-03
1558,0,4e-03,1e-03,3e-05,3e-03
1559,1e-02,0,0,3e-05,2e-03
1560,0,4e-03,1e-03,3e-05,3e-03
1561,1e-02,0,0,3e-05,2e-03
1562,0,4e-03,2e-03,5e-05,3e-03
1563,1e-02,4e-03,1e-03,8e-05,2e-03
1564,0,2e-02,9e-03,2e-04,8e-03
1565,1e-02,2e-02,7e-03,2e-04,5e-03
1566,2e-02,2e-02,6e-03,2e-04,3e-03
1567,3e-02,1e-02,4e-03,2e-04,2e-03
1568,4e-02,8e-03,3e-03,2e-04,2e-03
1569,7e-02,4e-03,1e-03,8e-03,2e-03
1570,1e-01,0,0,8e-03,2e-03
1571,0,3e-02,1e-02,2e-04,8e-03
1572,1e-02,2e-02,9e-03,2e-04,4e-03
1573,3e-02,2e-02,8e-03,3e-04,3e-03
1574,4e-02,2e-02,6e-03,3e-04,3e-03
1575,5e-02,1e-02,5e-03,3e-04,2e-03
1576,6e-02,8e-03,3e-03,5e-04,2e-03
1577,8e-02,4e-03,2e-03,4e-03,2e-03
1578,8e-02,4e-03,1e-03,4e-03,2e-03
1579,0,4e-03,2e-03,5e-05,4e-03
1580,1e-02,4e-03,1e-03,8e-05,2e-03
1581,4e-02,8e-03,7e-03,6e-04,4e-03
1582,5e-02,4e-03,6e-03,6e-04,3e-03
1583,6e-02,2e-02,9e-03,3e-03,9e-03
1584,0,4e-03,6e-03,3e-04,3e-03
1585,2e-02,8e-03,7e-03,9e-02,3e-03
1586,0,1e-02,4e-03,8e-05,6e-03
1587,1e-02,8e-03,3e-03,8e-05,3e-03
1588,2e-02,4e-03,1e-03,8e-05,2e-03
1589,3e-02,0,0,8e-05,2e-03
1590,2e-02,4e-03,1e-03,7e-03,2e-03
1591,3e-02,0,0,7e-03,2e-03
1592,0,2e-02,9e-03,2e-04,6e-03
1593,1e-02,2e-02,8e-03,2e-04,3e-03
1594,2e-02,2e-02,6e-03,2e-04,2e-03
1595,7e-02,1e-02,5e-03,1e-02,2e-03
1596,9e-02,1e-02,4e-03,2e-02,2e-03
1597,1e-01,8e-03,3e-03,2e-02,2e-03
1598,1e-01,4e-03,1e-03,2e-02,2e-03
1599,0,4e-03,1e-03,3e-05,3e-03
1600,1e-02,0,0,3e-05,2e-03
1601,1e-02,4e-03,1e-03,2e-02,2e-03
1602,2e-02,0,0,2e-02,2e-03
1603,0,8e-03,3e-03,5e-05,2e-03
1604,3e-02,4e-03,1e-03,8e-03,2e-03
1605,1e-01,0,0,1e-02,2e-03
1606,0,8e-03,3e-03,5e-05,5e-03
1607,1e-02,4e-03,1e-03,5e-05,2e-03
1608,2e-02,0,0,5e-05,2e-03
1609,4e-02,0,0,8e-03,2e-03
1610,0,4e-03,1e-03,3e-05,2e-03
1611,3e-02,0,0,7e-03,2e-03
1612,2e-02,2e-02,8e-03,8e-03,4e-03
1613,3e-02,2e-02,6e-03,8e-03,3e-03
1614,4e-02,1e-02,5e-03,8e-03,3e-03
1615,5e-02,8e-03,3e-03,8e-03,2e-03
1616,6e-02,4e-03,2e-03,8e-03,2e-03
1617,7e-02,4e-03,1e-03,1e-02,2e-03
1618,1e-02,4e-03,2e-03,4e-03,3e-03
1619,2e-02,4e-03,1e-03,4e-03,2e-03
1620,2e-02,0,0,4e-03,2e-03
1621,0,4e-03,2e-03,5e-05,4e-03
1622,1e-02,4e-03,1e-03,8e-05,3e-03
1623,0,4e-03,1e-03,3e-05,3e-03
1624,1e-02,0,0,3e-05,2e-03
1625,0,4e-03,1e-03,3e-05,3e-03
1626,1e-02,0,0,3e-05,2e-03
1627,0,2e-02,6e-03,1e-04,7e-03
1628,1e-02,1e-02,4e-03,1e-04,4e-03
1629,2e-02,8e-03,3e-03,1e-04,3e-03
1630,3e-02,4e-03,1e-03,1e-04,2e-03
1631,6e-02,0,0,3e-03,2e-03
1632,0,8e-03,3e-03,5e-05,5e-03
1633,1e-02,4e-03,1e-03,5e-05,2e-03
1634,2e-02,0,0,5e-05,2e-03
1635,0,4e-03,1e-03,3e-05,3e-03
1636,1e-02,0,0,3e-05,2e-03
1637,0,8e-03,3e-03,5e-05,5e-03
1638,1e-02,4e-03,1e-03,5e-05,2e-03
1639,2e-02,0,0,5e-05,2e-03
1640,0,4e-03,2e-03,5e-05,4e-03
1641,1e-02,4e-03,1e-03,8e-05,3e-03
1642,0,2e-02,1e-02,1e-03,8e-03
1643,1e-02,2e-02,1e-02,1e-03,4e-03
1644,2e-02,1e-02,1e-02,1e-03,3e-03
1645,4e-02,1e-02,2e-02,3e-03,3e-03
1646,5e-02,8e-03,2e-02,3e-03,2e-03
1647,6e-02,0,0,3e-04,2e-03
1648,0,4e-03,1e-03,3e-05,3e-03
1649,1e-02,0,0,3e-05,2e-03
1650,0,8e-03,3e-03,5e-05,2e-03
1651,6e-02,4e-03,1e-03,3e-02,2e-03
1652,9e-02,0,0,2e-02,2e-03
1653,2e-02,0,0,8e-03,2e-03
1654,0,4e-03,1e-03,3e-05,3e-03
1655,1e-02,0,0,3e-05,2e-03
1656,1e-02,4e-03,1e-03,7e-03,2e-03
1657,2e-02,0,0,7e-03,2e-03
1658,1e-02,0,0,8e-03,2e-03
1659,1e-02,0,0,8e-03,2e-03
1660,3e-02,0,0,2e-02,2e-03
1661,1e-02,0,0,8e-03,2e-03
1662,0,2e-02,8e-03,3e-04,5e-03
1663,1e-02,2e-02,7e-03,3e-04,3e-03
1664,5e-02,1e-02,6e-03,1e-02,2e-03
1665,6e-02,8e-03,5e-03,1e-02,2e-03
1666,7e-02,8e-03,6e-03,3e-02,2e-03
1667,8e-02,4e-03,5e-03,3e-02,2e-03
1668,0,4e-03,1e-03,3e-05,3e-03
1669,1e-02,0,0,3e-05,2e-03
1670,0,8e-03,3e-03,5e-05,4e-03
1671,1e-02,4e-03,1e-03,5e-05,2e-03
1672,7e-02,0,0,2e-03,2e-03
1673,0,1e-02,5e-03,1e-04,3e-03
1674,5e-02,1e-02,4e-03,6e-03,2e-03
1675,4e-02,4e-03,1e-03,6e-03,2e-03
1676,5e-02,0,0,6e-03,2e-03
1677,2e-02,4e-03,1e-02,8e-03,2e-03
1678,2e-01,1e-02,2e-02,4e-02,3e-03
1679,0,2e-02,6e-03,1e-04,7e-03
1680,1e-02,1e-02,4e-03,1e-04,4e-03
1681,2e-02,8e-03,3e-03,1e-04,3e-03
1682,3e-02,4e-03,1e-03,1e-04,2e-03
1683,4e-02,0,0,1e-04,2e-03
1684,1e-02,4e-03,1e-03,8e-03,2e-03
1685,4e-02,0,0,1e-02,2e-03
1686,0,2e-02,1e-02,6e-04,8e-03
1687,2e-02,2e-02,2e-02,1e-03,6e-03
1688,3e-02,2e-02,1e-02,2e-03,5e-03
1689,3e-02,2e-02,1e-02,1e-03,4e-03
1690,6e-02,1e-02,1e-02,7e-03,3e-03
1691,7e-02,3e-02,1e-02,3e-02,9e-03
1692,0,5e-02,2e-02,3e-04,9e-03
1693,2e-02,4e-02,2e-02,7e-03,6e-03
1694,3e-02,4e-02,1e-02,7e-03,5e-03
1695,4e-02,3e-02,1e-02,7e-03,4e-03
1696,5e-02,3e-02,1e-02,7e-03,3e-03
1697,6e-02,3e-02,1e-02,7e-03,3e-03
1698,7e-02,2e-02,9e-03,7e-03,3e-03
1699,9e-02,2e-02,9e-03,7e-03,3e-03
1700,1e-01,2e-02,7e-03,7e-03,2e-03
1701,1e-01,2e-02,6e-03,7e-03,2e-03
1702,1e-01,1e-02,4e-03,7e-03,2e-03
1703,2e-01,8e-03,3e-03,8e-03,2e-03
1704,2e-01,4e-03,1e-03,8e-03,2e-03
1705,1e-02,0,0,7e-03,2e-03
1706,3e-02,0,0,1e-02,2e-03
1707,3e-02,4e-03,1e-03,6e-03,2e-03
1708,4e-02,0,0,6e-03,2e-03
1709,2e-02,0,0,1e-04,2e-03
1710,3e-02,4e-03,1e-03,7e-03,2e-03
1711,7e-02,0,0,8e-03,2e-03
1712,2e-02,8e-03,3e-03,3e-03,2e-03
1713,4e-02,4e-03,1e-03,5e-03,2e-03
1714,8e-02,0,0,6e-03,2e-03
1715,2e-02,8e-03,3e-03,1e-04,3e-03
1716,3e-02,4e-03,1e-03,1e-04,2e-03
1717,4e-02,0,0,1e-04,2e-03
1718,2e-02,4e-03,1e-03,6e-03,2e-03
1719,3e-02,0,0,6e-03,2e-03
1720,1e-02,1e-02,2e-02,9e-03,3e-03
1721,4e-02,2e-02,2e-02,2e-02,3e-03
1722,7e-02,8e-03,5e-03,1e-02,2e-03
1723,2e-01,0,0,9e-03,2e-03
1724,0,4e-03,1e-03,3e-05,3e-03
1725,1e-02,0,0,3e-05,2e-03
1726,1e-02,4e-03,1e-03,8e-03,2e-03
1727,3e-02,0,0,8e-03,2e-03
1728,0,4e-03,1e-03,3e-05,3e-03
1729,1e-02,0,0,3e-05,2e-03
1730,1e-02,0,0,8e-03,2e-03
1731,2e-02,4e-03,1e-03,1e-02,2e-03
1732,4e-02,0,0,1e-02,2e-03
1733,1e-02,4e-03,1e-03,1e-02,2e-03
1734,6e-02,0,0,1e-02,2e-03
1735,2e-02,0,0,1e-02,2e-03
1736,1e-02,0,0,2e-02,2e-03
1737,1e-01,2e-02,2e-02,1e-02,2e-03
1738,1e-01,2e-02,2e-02,1e-02,2e-03
1739,2e-01,1e-02,1e-02,1e-02,2e-03
1740,2e-01,8e-03,1e-02,1e-02,2e-03
1741,2e-01,8e-03,2e-02,1e-01,2e-03
1742,2e-01,0,0,1e-02,2e-03
1743,0,8e-03,3e-03,5e-05,5e-03
1744,1e-02,4e-03,1e-03,5e-05,2e-03
1745,2e-02,0,0,5e-05,2e-03
1746,3e-02,4e-03,1e-03,2e-04,2e-03
1747,2e-01,0,0,2e-03,2e-03
1748,1e-01,1e-02,4e-03,2e-03,2e-03
1749,1e-01,8e-03,3e-03,2e-03,2e-03
1750,3e-01,4e-03,1e-03,2e-02,2e-03
1751,4e-01,0,0,1e-02,2e-03
1752,0,4e-03,1e-03,3e-05,3e-03
1753,1e-02,0,0,3e-05,2e-03
1754,3e-02,0,0,1e-02,2e-03
1755,1e-02,0,0,1e-02,2e-03
1756,3e-02,0,0,1e-02,2e-03
1757,1e-02,0,0,9e-03,2e-03
1758,1e-02,0,0,2e-03,2e-03
1759,3e-02,0,0,1e-02,2e-03
1760,2e-02,0,0,5e-05,2e-03
1761,1e-02,2e-02,6e-03,1e-02,4e-03
1762,2e-02,1e-02,4e-03,1e-02,3e-03
1763,3e-02,8e-03,3e-03,1e-02,2e-03
1764,4e-02,4e-03,1e-03,1e-02,2e-03
1765,5e-02,0,0,1e-02,2e-03
1766,5e-02,3e-02,1e-02,8e-03,3e-03
1767,6e-02,3e-02,1e-02,8e-03,3e-03
1768,7e-02,2e-02,9e-03,8e-03,3e-03
1769,8e-02,2e-02,7e-03,8e-03,2e-03
1770,9e-02,2e-02,6e-03,8e-03,2e-03
1771,1e-01,1e-02,4e-03,8e-03,2e-03
1772,2e-01,8e-03,3e-03,3e-02,2e-03
1773,2e-01,4e-03,1e-03,1e-02,2e-03
1774,2e-01,0,0,1e-02,2e-03
1775,0,4e-03,1e-03,3e-05,3e-03
1776,1e-02,0,0,3e-05,2e-03
1777,0,4e-03,1e-03,3e-05,3e-03
1778,1e-02,0,0,3e-05,2e-03
1779,1e-02,0,0,1e-02,2e-03
1780,0,4e-03,1e-03,3e-05,3e-03
1781,1e-02,0,0,3e-05,2e-03
1782,1e-02,4e-03,1e-03,2e-04,3e-03
1783,1e-02,0,0,1e-04,2e-03
1784,1e-02,4e-03,1e-03,3e-04,3e-03
1785,1e-02,0,0,2e-04,2e-03
1786,1e-02,0,0,1e-04,2e-03
1787,1e-02,0,0,8e-05,2e-03
1788,3e-02,0,0,1e-02,2e-03
1789,1e-02,0,0,1e-04,2e-03
1790,1e-02,2e-02,7e-03,6e-04,5e-03
1791,2e-02,2e-02,6e-03,6e-04,4e-03
1792,3e-02,1e-02,4e-03,6e-04,3e-03
1793,4e-02,8e-03,3e-03,6e-04,2e-03
1794,5e-02,4e-03,1e-03,6e-04,2e-03
1795,6e-02,0,0,6e-04,2e-03
1796,0,8e-03,3e-03,8e-05,6e-03
1797,1e-02,4e-03,2e-03,8e-05,3e-03
1798,2e-02,4e-03,1e-03,1e-04,3e-03
1799,1e-02,0,0,8e-05,2e-03
1800,0,4e-03,1e-03,3e-05,3e-03
1801,1e-02,0,0,3e-05,2e-03
1802,0,8e-03,3e-03,5e-05,5e-03
1803,1e-02,4e-03,1e-03,5e-05,2e-03
1804,2e-02,0,0,5e-05,2e-03
1805,0,8e-03,1e-02,1e-03,8e-03
1806,1e-02,8e-03,1e-02,2e-03,7e-03
1807,4e-02,2e-02,7e-03,6e-02,4e-03
1808,2e-02,0,0,2e-04,2e-03
1809,2e-02,0,0,1e-02,2e-03
1810,2e-02,0,0,8e-03,2e-03
1811,1e-02,0,0,1e-02,2e-03
1812,3e-02,2e-02,5e-02,5e-03,6e-03
1813,4e-02,2e-02,5e-02,1e-02,7e-03
1814,8e-02,4e-02,3e-02,4e-02,1e-02
1815,0,1e-02,4e-03,8e-05,5e-03
1816,1e-02,8e-03,3e-03,8e-05,3e-03
1817,2e-02,4e-03,1e-03,8e-05,2e-03
1818,5e-02,0,0,6e-04,2e-03
1819,2e-02,0,0,1e-02,2e-03
1820,1e-02,0,0,5e-05,2e-03
1821,1e-02,2e-02,2e-02,2e-02,6e-03
1822,2e-02,1e-02,7e-03,9e-03,2e-03
1823,3e-02,2e-02,2e-02,1e-02,3e-03
1824,6e-02,5e-02,2e-02,2e-02,5e-03
1825,4e-02,2e-02,1e-02,1e-02,3e-03
1826,4e-02,2e-02,1e-02,9e-03,3e-03
1827,8e-02,4e-03,2e-02,1e-03,2e-03
1828,2e-01,5e-02,3e-02,3e-01,4e-03
1829,7e-02,1e-02,1e-02,9e-03,2e-03
1830,8e-02,8e-03,1e-02,9e-03,2e-03
1831,2e-01,1e-02,1e-02,1e-02,2e-03
1832,2e-01,3e-02,1e-02,7e-02,5e-03
1833,1e-02,0,0,1e-02,2e-03
1834,1e-01,3e-02,1e-02,4e-03,2e-03
1835,1e-01,2e-02,9e-03,4e-03,2e-03
1836,1e-01,2e-02,7e-03,4e-03,2e-03
1837,2e-01,2e-02,6e-03,4e-03,2e-03
1838,2e-01,1e-02,4e-03,4e-03,2e-03
1839,2e-01,8e-03,3e-03,4e-03,2e-03
1840,2e-01,4e-03,1e-03,4e-03,2e-03
1841,2e-01,0,0,4e-03,2e-03
1842,1e-02,1e-02,1e-02,2e-03,4e-03
1843,2e-02,8e-03,1e-02,2e-03,3e-03
1844,2e-02,4e-03,1e-02,1e-03,2e-03
1845,4e-02,8e-03,2e-02,7e-03,2e-03
1846,2e-02,0,0,8e-03,2e-03
1847,3e-02,0,0,8e-03,2e-03
1848,8e-02,0,0,1e-02,2e-03
1849,1e-02,4e-03,1e-03,8e-03,2e-03
1850,2e-02,0,0,8e-03,2e-03
1851,3e-02,5e-02,2e-02,2e-02,1e-02
1852,1e-02,3e-02,1e-02,1e-02,4e-03
1853,3e-02,3e-02,1e-02,1e-02,3e-03
1854,4e-02,3e-02,1e-02,1e-02,3e-03
1855,6e-02,3e-02,1e-02,2e-02,3e-03
1856,1e-01,2e-02,1e-02,2e-02,2e-03
1857,1e-01,2e-02,9e-03,2e-02,2e-03
1858,1e-01,2e-02,8e-03,2e-02,2e-03
1859,1e-01,2e-02,7e-03,2e-02,2e-03
1860,1e-01,2e-02,6e-03,2e-02,2e-03
1861,1e-02,4e-03,8e-03,1e-02,2e-03
1862,7e-02,8e-03,1e-02,1e-02,2e-03
1863,0,4e-03,1e-03,3e-05,3e-03
1864,1e-02,0,0,3e-05,2e-03
1865,3e-02,0,0,3e-03,2e-03
1866,0,4e-03,5e-03,2e-04,2e-03
1867,1e-01,8e-03,6e-03,3e-02,3e-03
1868,3e-02,0,0,8e-03,2e-03
1869,1e-02,0,0,8e-03,2e-03
1870,1e-02,4e-03,1e-03,3e-03,2e-03
1871,1e-01,0,0,8e-03,2e-03
1872,1e-02,1e-02,1e-02,2e-03,3e-03
1873,2e-02,0,0,5e-04,2e-03
1874,4e-02,0,0,8e-03,2e-03
1875,3e-02,4e-03,1e-02,9e-03,2e-03
1876,4e-02,4e-03,2e-02,2e-02,2e-03
1877,9e-02,2e-02,2e-02,1e-01,3e-03
1878,4e-02,0,0,9e-03,2e-03
1879,0,4e-03,2e-03,5e-05,2e-03
1880,3e-02,4e-03,1e-03,3e-02,2e-03
1881,2e-02,0,0,1e-02,2e-03
1882,1e-02,1e-02,4e-03,4e-03,4e-03
1883,2e-02,8e-03,3e-03,4e-03,3e-03
1884,3e-02,4e-03,1e-03,4e-03,2e-03
1885,4e-02,0,0,4e-03,2e-03
1886,1e-02,3e-02,1e-02,4e-03,7e-03
1887,2e-02,2e-02,1e-02,4e-03,5e-03
1888,3e-02,2e-02,1e-02,4e-03,4e-03
1889,4e-02,2e-02,1e-02,4e-03,3e-03
1890,6e-02,2e-02,2e-02,5e-03,3e-03
1891,7e-02,2e-02,1e-02,5e-03,3e-03
1892,8e-02,2e-02,1e-02,5e-03,3e-03
1893,9e-02,1e-02,1e-02,5e-03,2e-03
1894,1e-01,2e-02,9e-03,3e-02,2e-03
1895,1e-01,2e-02,8e-03,2e-02,2e-03
1896,9e-02,1e-02,7e-03,2e-02,2e-03
1897,1e-01,8e-03,5e-03,2e-02,2e-03
1898,1e-01,2e-02,8e-03,2e-02,3e-03
1899,2e-01,2e-02,7e-03,4e-02,3e-03
1900,2e-01,0,0,1e-02,2e-03
1901,1e-02,6e-02,4e-02,1e-02,1e-02
1902,2e-02,5e-02,4e-02,1e-02,7e-03
1903,3e-02,5e-02,3e-02,1e-02,6e-03
1904,4e-02,5e-02,3e-02,1e-02,5e-03
1905,5e-02,4e-02,3e-02,1e-02,4e-03
1906,6e-02,4e-02,3e-02,1e-02,4e-03
1907,1e-01,8e-02,4e-02,4e-02,6e-03
1908,1e-01,5e-02,2e-02,1e-02,4e-03
1909,1e-01,5e-02,2e-02,1e-02,3e-03
1910,2e-01,3e-02,2e-02,1e-02,3e-03
1911,2e-01,5e-02,2e-02,1e-02,4e-03
1912,2e-01,4e-02,2e-02,1e-02,3e-03
1913,2e-01,4e-02,2e-02,1e-02,3e-03
1914,4e-01,5e-02,2e-02,1e-01,4e-03
1915,2e-01,8e-03,6e-03,1e-02,2e-03
1916,2e-01,2e-02,9e-03,1e-02,2e-03
1917,1e-02,4e-03,1e-03,8e-03,2e-03
1918,4e-02,0,0,8e-03,2e-03
1919,1e-02,4e-03,1e-03,1e-02,2e-03
1920,2e-02,0,0,1e-02,2e-03
1921,0,4e-03,3e-03,8e-05,2e-03
1922,9e-02,8e-03,3e-03,1e-02,2e-03
1923,0,2e-02,6e-03,1e-04,7e-03
1924,1e-02,1e-02,4e-03,1e-04,4e-03
1925,2e-02,8e-03,3e-03,1e-04,3e-03
1926,3e-02,4e-03,1e-03,1e-04,2e-03
1927,4e-02,0,0,1e-04,2e-03
1928,3e-02,5e-02,2e-02,6e-03,8e-03
1929,3e-02,5e-02,2e-02,5e-03,6e-03
1930,4e-02,5e-02,2e-02,5e-03,5e-03
1931,5e-02,4e-02,2e-02,5e-03,4e-03
1932,6e-02,4e-02,2e-02,4e-02,4e-03
1933,8e-02,3e-02,2e-02,7e-03,3e-03
1934,9e-02,2e-02,2e-02,7e-03,3e-03
1935,1e-01,2e-02,2e-02,7e-03,3e-03
1936,1e-01,2e-02,2e-02,7e-03,2e-03
1937,1e-01,4e-02,2e-02,3e-02,5e-03
1938,1e-01,2e-02,1e-02,7e-03,2e-03
1939,1e-01,1e-02,9e-03,7e-03,2e-03
1940,3e-01,8e-03,8e-03,3e-02,2e-03
1941,2e-01,8e-03,4e-03,1e-02,2e-03
1942,2e-01,4e-03,3e-03,1e-02,2e-03
1943,5e-02,0,0,5e-03,2e-03
1944,0,4e-03,4e-03,2e-04,2e-03
1945,8e-02,1e-02,5e-03,4e-02,3e-03
1946,0,4e-03,2e-03,5e-05,3e-03
1947,2e-02,4e-03,1e-03,2e-02,3e-03
1948,1e-02,0,0,1e-02,2e-03
1949,5e-02,8e-03,3e-03,1e-02,2e-03
1950,1e-01,0,0,1e-02,2e-03
1951,8e-02,0,0,1e-02,2e-03
1952,0,3e-02,3e-02,2e-03,8e-03
1953,3e-02,6e-02,3e-02,3e-03,7e-03
1954,4e-02,6e-02,3e-02,3e-03,6e-03
1955,7e-02,2e-02,3e-02,1e-02,4e-03
1956,9e-02,2e-02,3e-02,2e-02,3e-03
1957,7e-02,2e-02,2e-02,8e-02,3e-03
1958,7e-02,1e-02,2e-02,1e-02,3e-03
1959,1e-01,5e-02,3e-02,3e-02,5e-03
1960,1e-01,5e-02,3e-02,4e-02,5e-03
1961,1e-01,5e-02,3e-02,4e-02,4e-03
1962,7e-02,4e-03,1e-03,4e-03,2e-03
1963,8e-02,0,0,4e-03,2e-03
1964,1e-02,0,0,3e-03,2e-03
1965,2e-02,0,0,3e-03,2e-03
1966,1e-02,2e-02,1e-02,9e-04,8e-03
1967,2e-02,1e-02,1e-02,9e-04,6e-03
1968,4e-02,1e-02,1e-02,9e-02,6e-03
1969,4e-02,4e-02,2e-02,3e-02,9e-03
1970,7e-02,3e-02,2e-02,6e-02,8e-03
1971,1e-02,4e-03,1e-03,3e-04,2e-03
1972,3e-02,0,0,2e-03,2e-03
1973,1e-02,0,0,3e-04,2e-03
1974,2e-01,4e-03,1e-03,2e-02,2e-03
1975,2e-01,0,0,2e-02,2e-03
1976,3e-01,0,0,2e-02,2e-03
1977,2e-02,0,0,3e-03,2e-03
1978,5e-02,4e-03,1e-03,9e-03,2e-03
1979,6e-02,0,0,9e-03,2e-03
1980,6e-02,2e-02,8e-03,1e-02,2e-03
1981,7e-02,1e-02,7e-03,1e-02,2e-03
1982,8e-02,8e-03,6e-03,1e-02,2e-03
1983,1e-01,2e-02,7e-03,1e-02,2e-03
1984,1e-01,2e-02,6e-03,1e-02,2e-03
1985,1e-01,1e-02,4e-03,1e-02,2e-03
1986,3e-02,4e-03,7e-03,9e-03,2e-03
1987,2e-01,1e-02,9e-03,3e-02,2e-03
1988,7e-02,4e-03,2e-02,7e-02,2e-03
1989,1e-01,2e-02,2e-02,1e-01,5e-03
1990,1e-01,4e-03,5e-03,1e-02,2e-03
1991,1e-01,4e-03,7e-03,2e-02,2e-03
1992,0,1e-02,4e-03,8e-05,4e-03
1993,2e-02,8e-03,3e-03,4e-02,3e-03
1994,2e-02,4e-03,1e-03,1e-02,2e-03
1995,3e-02,0,0,1e-02,2e-03
1996,4e-02,0,0,1e-02,2e-03
1997,1e-01,2e-02,8e-03,1e-02,2e-03
1998,2e-01,2e-02,7e-03,3e-02,3e-03
1999,2e-02,8e-03,3e-03,8e-03,2e-03
2000,3e-02,4e-03,1e-03,8e-03,2e-03
2001,8e-02,0,0,8e-03,2e-03
2002,0,8e-03,2e-02,8e-04,3e-03
2003,4e-02,1e-02,2e-02,2e-02,3e-03
2004,2e-01,5e-02,2e-02,1e-01,7e-03
2005,1e-02,4e-03,1e-02,2e-02,2e-03
2006,2e-01,4e-02,2e-02,1e-01,5e-03
2007,2e-02,0,0,2e-02,2e-03
2008,1e-02,0,0,1e-04,2e-03
2009,6e-02,8e-03,3e-03,2e-02,2e-03
2010,8e-02,4e-03,1e-03,2e-02,2e-03
2011,1e-01,3e-02,1e-02,1e-01,4e-03
2012,3e-02,4e-03,1e-03,2e-02,2e-03
2013,3e-02,0,0,2e-02,2e-03
2014,4e-02,0,0,2e-02,2e-03
2015,5e-02,0,0,2e-02,2e-03
2016,5e-02,0,0,2e-02,2e-03
2017,4e-02,0,0,2e-02,2e-03
2018,9e-02,4e-03,1e-03,4e-02,2e-03
2019,5e-02,0,0,1e-02,2e-03
2020,3e-02,1e-02,5e-03,2e-02,2e-03
2021,4e-02,0,0,2e-02,2e-03
2022,1e-02,0,0,2e-04,2e-03
2023,3e-02,0,0,1e-02,2e-03
2024,2e-02,4e-03,2e-03,8e-03,2e-03
2025,7e-02,4e-03,1e-03,8e-03,2e-03
2026,1e-02,0,0,8e-03,2e-03
2027,0,4e-03,1e-03,3e-05,2e-03
2028,3e-02,0,0,2e-02,2e-03
2029,1e-02,4e-03,1e-03,1e-02,2e-03
2030,2e-02,0,0,1e-02,2e-03
2031,2e-02,4e-03,6e-03,8e-03,2e-03
2032,6e-02,8e-03,7e-03,2e-02,3e-03
2033,1e-02,0,0,8e-03,2e-03
2034,1e-02,0,0,3e-03,2e-03
2035,9e-02,4e-03,1e-03,3e-02,2e-03
2036,2e-02,4e-03,1e-03,4e-03,2e-03
2037,3e-02,0,0,4e-03,2e-03
2038,1e-02,0,0,1e-02,2e-03
2039,2e-02,4e-03,1e-03,4e-03,2e-03
2040,6e-02,0,0,2e-02,2e-03
2041,3e-02,0,0,1e-02,2e-03
2042,1e-02,4e-03,1e-03,8e-03,2e-03
2043,2e-02,0,0,8e-03,2e-03
2044,2e-02,8e-03,3e-03,4e-04,3e-03
2045,3e-02,4e-03,1e-03,4e-04,2e-03
2046,4e-02,0,0,8e-03,2e-03
2047,0,3e-02,1e-02,4e-04,8e-03
2048,1e-02,3e-02,1e-02,4e-04,4e-03
2049,4e-02,3e-02,1e-02,1e-02,4e-03
2050,5e-02,3e-02,1e-02,1e-02,3e-03
2051,1e-01,2e-02,1e-02,1e-02,3e-03
2052,8e-02,2e-02,9e-03,1e-02,3e-03
2053,1e-01,2e-02,1e-02,3e-02,3e-03
2054,1e-01,2e-02,9e-03,2e-02,3e-03
2055,1e-01,8e-03,4e-03,1e-02,2e-03
2056,0,4e-03,1e-03,3e-05,3e-03
2057,1e-02,0,0,3e-05,2e-03
2058,0,8e-03,3e-03,1e-04,2e-03
2059,6e-02,8e-03,3e-03,1e-02,3e-03
2060,7e-02,4e-03,2e-03,1e-02,2e-03
2061,4e-02,4e-03,1e-03,1e-02,2e-03
2062,0,8e-03,3e-03,5e-05,2e-03
2063,4e-02,0,0,1e-02,2e-03
2064,5e-02,0,0,3e-03,2e-03
2065,5e-02,0,0,3e-03,2e-03
2066,6e-02,1e-02,4e-03,4e-02,4e-03
2067,4e-02,4e-03,1e-03,1e-02,2e-03
2068,7e-02,0,0,1e-02,2e-03
2069,1e-01,3e-02,1e-02,1e-01,4e-03
2070,5e-02,2e-02,7e-03,2e-02,3e-03
2071,6e-02,2e-02,6e-03,2e-02,2e-03
2072,7e-02,1e-02,4e-03,2e-02,2e-03
2073,8e-02,8e-03,3e-03,2e-02,2e-03
2074,9e-02,4e-03,1e-03,2e-02,2e-03
2075,6e-02,4e-03,1e-03,2e-02,2e-03
2076,1e-01,2e-02,8e-03,6e-02,2e-03
2077,5e-02,4e-03,1e-03,2e-02,2e-03
2078,2e-01,0,0,2e-02,2e-03
2079,6e-02,0,0,2e-02,2e-03
2080,3e-02,2e-02,7e-03,2e-02,3e-03
2081,5e-02,0,0,8e-03,2e-03
2082,4e-02,0,0,5e-03,2e-03
2083,4e-02,0,0,2e-02,2e-03
2084,1e-01,2e-02,6e-03,2e-02,3e-03
2085,1e-01,8e-03,3e-03,2e-02,2e-03
2086,1e-01,8e-03,3e-03,2e-02,2e-03
2087,1e-01,0,0,2e-02,2e-03
2088,4e-02,0,0,2e-02,2e-03
2089,2e-02,2e-02,6e-03,2e-04,4e-03
2090,3e-02,1e-02,4e-03,2e-04,3e-03
2091,4e-02,8e-03,3e-03,2e-04,2e-03
2092,5e-02,4e-03,1e-03,2e-04,2e-03
2093,6e-02,0,0,2e-04,2e-03
2094,3e-02,4e-03,1e-03,3e-04,2e-03
2095,4e-02,0,0,3e-04,2e-03
2096,3e-02,0,0,4e-03,2e-03
2097,1e-02,0,0,1e-04,2e-03
2098,1e-02,0,0,1e-04,2e-03
2099,2e-02,0,0,1e-02,2e-03
2100,1e-02,4e-03,1e-03,1e-02,2e-03
2101,2e-02,0,0,1e-02,2e-03
2102,2e-02,0,0,1e-02,2e-03
2103,1e-02,0,0,4e-04,2e-03
2104,2e-02,0,0,6e-04,2e-03
2105,3e-02,1e-02,1e-02,2e-02,4e-03
2106,2e-01,0,0,1e-02,2e-03
2107,1e-01,8e-03,3e-03,1e-02,2e-03
2108,1e-01,4e-03,1e-03,1e-02,2e-03
2109,1e-01,0,0,1e-02,2e-03
2110,3e-02,2e-02,1e-02,7e-03,4e-03
2111,3e-02,2e-02,8e-03,7e-03,3e-03
2112,5e-02,2e-02,7e-03,7e-03,3e-03
2113,6e-02,1e-02,5e-03,7e-03,2e-03
2114,7e-02,8e-03,4e-03,7e-03,2e-03
2115,8e-02,4e-03,3e-03,7e-03,2e-03
2116,3e-02,4e-03,1e-03,8e-03,2e-03
2117,4e-02,0,0,8e-03,2e-03
2118,4e-02,4e-03,1e-03,5e-03,2e-03
2119,5e-02,0,0,1e-02,2e-03
2120,0,2e-02,9e-03,2e-04,9e-03
2121,1e-02,2e-02,7e-03,2e-04,5e-03
2122,2e-02,8e-03,4e-03,2e-04,3e-03
2123,3e-02,1e-02,4e-03,2e-04,3e-03
2124,3e-02,8e-03,3e-03,2e-04,2e-03
2125,4e-02,4e-03,1e-03,2e-04,2e-03
2126,6e-02,0,0,2e-04,2e-03
2127,3e-02,4e-03,1e-03,1e-02,2e-03
2128,5e-02,0,0,1e-02,2e-03
2129,9e-02,4e-03,3e-03,1e-02,2e-03
2130,2e-01,8e-03,3e-03,3e-02,2e-03
2131,5e-02,4e-03,1e-03,2e-02,2e-03
2132,7e-02,0,0,2e-02,2e-03
2133,3e-02,0,0,4e-03,2e-03
2134,0,4e-03,3e-03,1e-04,2e-03
2135,6e-02,8e-03,4e-03,6e-03,2e-03
2136,4e-02,8e-03,4e-03,4e-02,4e-03
2137,7e-02,4e-03,1e-03,1e-02,2e-03
2138,1e-01,0,0,1e-02,2e-03
2139,2e-02,4e-03,2e-03,1e-02,2e-03
2140,5e-02,4e-03,2e-03,3e-02,2e-03
2141,7e-02,4e-03,1e-03,2e-02,2e-03
2142,0,2e-02,6e-03,1e-04,7e-03
2143,1e-02,1e-02,4e-03,1e-04,4e-03
2144,2e-02,8e-03,3e-03,1e-04,3e-03
2145,3e-02,4e-03,1e-03,1e-04,2e-03
2146,4e-02,0,0,1e-04,2e-03
2147,3e-02,4e-03,1e-03,1e-02,2e-03
2148,4e-02,0,0,1e-02,2e-03
2149,1e-02,0,0,3e-03,2e-03
2150,2e-02,0,0,4e-03,2e-03
2151,4e-02,8e-03,5e-03,2e-02,2e-03
2152,1e-01,4e-03,4e-03,2e-02,2e-03
2153,3e-01,8e-03,5e-03,7e-02,2e-03
2154,6e-02,4e-03,2e-03,2e-02,2e-03
2155,4e-02,4e-03,1e-03,1e-02,2e-03
2156,5e-02,1e-02,5e-03,4e-02,2e-03
2157,6e-02,8e-03,3e-03,2e-02,2e-03
2158,8e-02,8e-03,3e-03,2e-02,2e-03
2159,1e-01,0,0,1e-02,2e-03
2160,1e-02,0,0,1e-02,2e-03
2161,0,4e-03,1e-03,3e-05,3e-03
2162,1e-02,0,0,3e-05,2e-03
2163,1e-01,2e-02,6e-03,6e-02,3e-03
2164,5e-02,1e-02,4e-03,1e-02,3e-03
2165,6e-02,8e-03,3e-03,1e-02,2e-03
2166,6e-02,4e-03,1e-03,1e-02,2e-03
2167,7e-02,0,0,1e-02,2e-03
2168,4e-02,0,0,1e-02,2e-03
2169,1e-02,0,0,1e-03,2e-03
2170,4e-02,4e-03,9e-03,9e-03,3e-03
2171,4e-02,2e-02,1e-02,8e-02,5e-03
2172,1e-02,0,0,1e-02,2e-03
2173,2e-02,4e-03,1e-03,3e-02,2e-03
2174,3e-02,0,0,1e-02,2e-03
2175,1e-02,0,0,8e-05,2e-03
2176,1e-02,0,0,3e-05,2e-03
2177,3e-02,5e-02,2e-02,2e-02,7e-03
2178,3e-02,2e-02,1e-02,1e-02,4e-03
2179,4e-02,2e-02,1e-02,1e-02,3e-03
2180,7e-02,2e-02,1e-02,2e-02,4e-03
2181,9e-02,1e-02,8e-03,2e-02,2e-03
2182,9e-02,8e-03,7e-03,1e-02,2e-03
2183,9e-02,3e-02,1e-02,4e-02,3e-03
2184,1e-01,0,0,1e-02,2e-03
2185,4e-02,0,0,1e-02,2e-03
2186,1e-02,0,0,5e-03,2e-03
2187,1e-02,1e-02,5e-03,2e-04,3e-03
2188,2e-02,8e-03,3e-03,2e-04,2e-03
2189,3e-02,4e-03,2e-03,2e-04,2e-03
2190,9e-02,4e-03,1e-03,5e-04,2e-03
2191,2e-02,4e-03,1e-03,1e-04,2e-03
2192,3e-02,0,0,1e-04,2e-03
2193,2e-02,0,0,8e-05,2e-03
2194,2e-02,0,0,2e-03,2e-03
2195,8e-02,0,0,2e-02,2e-03
2196,1e-01,8e-03,3e-03,2e-02,2e-03
2197,5e-02,0,0,5e-04,2e-03
2198,9e-02,8e-03,3e-03,9e-03,2e-03
2199,8e-02,4e-03,1e-03,8e-03,2e-03
2200,1e-01,0,0,1e-02,2e-03
2201,4e-02,8e-03,3e-03,4e-04,2e-03
2202,5e-02,4e-03,1e-03,4e-04,2e-03
2203,6e-02,0,0,4e-04,2e-03
2204,5e-02,4e-03,6e-03,8e-03,2e-03
2205,3e-02,2e-02,9e-03,6e-02,3e-03
2206,3e-02,1e-02,4e-03,4e-04,2e-03
2207,1e-01,8e-03,3e-03,2e-02,2e-03
2208,5e-02,4e-03,1e-03,9e-03,2e-03
2209,1e-01,0,0,9e-03,2e-03
2210,3e-02,0,0,3e-04,2e-03
2211,5e-02,0,0,2e-03,2e-03
2212,2e-02,1e-02,5e-03,5e-04,3e-03
2213,5e-02,2e-02,6e-03,8e-04,3e-03
2214,2e-01,1e-02,4e-03,4e-02,3e-03
2215,8e-02,8e-03,3e-03,1e-02,2e-03
2216,5e-02,4e-03,1e-03,1e-02,2e-03
2217,6e-02,0,0,1e-02,2e-03
2218,4e-02,4e-03,1e-03,1e-02,2e-03
2219,5e-02,0,0,1e-02,2e-03
2220,2e-01,8e-03,3e-03,2e-02,2e-03
2221,1e-01,0,0,1e-02,2e-03
2222,1e-02,0,0,1e-02,2e-03
2223,2e-02,0,0,6e-04,2e-03
2224,2e-02,0,0,3e-04,2e-03
2225,1e-01,0,0,2e-02,2e-03
2226,4e-02,0,0,8e-03,2e-03
2227,3e-02,0,0,8e-03,2e-03
2228,1e-02,0,0,7e-03,2e-03
2229,8e-02,0,0,8e-03,2e-03
2230,6e-02,0,0,5e-03,2e-03
2231,9e-02,2e-02,9e-03,2e-02,3e-03
2232,1e-01,2e-02,7e-03,2e-02,2e-03
2233,1e-01,2e-02,6e-03,2e-02,2e-03
2234,1e-01,1e-02,4e-03,2e-02,2e-03
2235,1e-01,8e-03,3e-03,2e-02,2e-03
2236,1e-01,4e-03,1e-03,2e-02,2e-03
2237,1e-02,4e-03,1e-03,1e-02,2e-03
2238,3e-02,3e-02,1e-02,8e-03,3e-03
2239,6e-02,2e-02,9e-03,9e-03,3e-03
2240,7e-02,2e-02,7e-03,7e-02,3e-03
2241,7e-02,2e-02,6e-03,2e-02,2e-03
2242,8e-02,1e-02,4e-03,2e-02,2e-03
2243,9e-02,8e-03,3e-03,2e-02,2e-03
2244,1e-01,4e-03,1e-03,2e-02,2e-03
2245,1e-01,0,0,2e-02,2e-03
2246,1e-02,0,0,8e-03,2e-03
2247,2e-02,1e-02,4e-03,4e-03,4e-03
2248,2e-02,8e-03,3e-03,3e-03,3e-03
2249,3e-02,4e-03,1e-03,3e-03,2e-03
2250,4e-02,0,0,3e-03,2e-03
2251,7e-02,0,0,6e-03,2e-03
2252,3e-02,0,0,3e-03,2e-03
2253,2e-02,0,0,1e-02,2e-03
2254,6e-02,2e-02,6e-03,4e-02,3e-03
2255,3e-02,1e-02,5e-03,1e-02,2e-03
2256,8e-02,1e-02,4e-03,1e-02,2e-03
2257,9e-02,8e-03,3e-03,1e-02,2e-03
2258,9e-02,0,0,1e-02,2e-03
2259,6e-02,8e-03,3e-03,2e-02,2e-03
2260,1e-01,8e-03,3e-03,1e-02,2e-03
2261,1e-01,4e-03,1e-03,1e-02,2e-03
2262,2e-02,4e-03,1e-03,8e-03,2e-03
2263,3e-02,0,0,8e-03,2e-03
2264,1e-01,0,0,1e-02,2e-03
2265,6e-02,0,0,1e-02,2e-03
2266,3e-02,0,0,1e-02,2e-03
2267,2e-02,0,0,1e-02,2e-03
2268,2e-02,0,0,1e-02,2e-03
2269,0,2e-02,7e-03,1e-04,8e-03
2270,1e-02,2e-02,6e-03,1e-04,4e-03
2271,2e-02,1e-02,4e-03,1e-04,3e-03
2272,4e-02,8e-03,3e-03,2e-02,2e-03
2273,4e-02,4e-03,1e-03,7e-03,2e-03
2274,5e-02,0,0,7e-03,2e-03
2275,4e-02,0,0,7e-03,2e-03
2276,6e-02,0,0,2e-02,2e-03
2277,2e-02,0,0,2e-02,2e-03
2278,1e-02,0,0,5e-05,2e-03
2279,2e-01,0,0,2e-02,2e-03
2280,1e-02,0,0,5e-05,2e-03
2281,1e-02,0,0,1e-02,2e-03
2282,4e-02,4e-03,1e-03,3e-03,2e-03
2283,6e-02,0,0,5e-03,2e-03
2284,4e-02,0,0,2e-03,2e-03
2285,2e-02,4e-03,1e-03,4e-03,2e-03
2286,2e-02,0,0,3e-03,2e-03
2287,2e-02,4e-03,1e-03,4e-04,2e-03
2288,3e-02,0,0,4e-04,2e-03
2289,1e-02,0,0,3e-03,2e-03
2290,2e-02,4e-03,1e-03,2e-02,2e-03
2291,1e-02,0,0,1e-02,2e-03
2292,1e-02,0,0,1e-02,2e-03
2293,1e-02,0,0,5e-05,2e-03
2294,1e-01,4e-03,1e-03,3e-02,2e-03
2295,2e-01,0,0,2e-02,2e-03
2296,4e-01,0,0,2e-02,2e-03
2297,1e-02,0,0,1e-03,2e-03
2298,4e-02,4e-03,2e-03,5e-03,2e-03
2299,2e-01,4e-03,1e-03,2e-02,2e-03
2300,8e-02,0,0,1e-02,2e-03
2301,9e-02,0,0,1e-02,2e-03
2302,1e-02,0,0,4e-03,2e-03
2303,1e-02,4e-03,1e-03,2e-04,2e-03
2304,2e-02,0,0,2e-04,2e-03
2305,2e-02,0,0,2e-03,2e-03
2306,1e-02,2e-02,9e-03,4e-03,3e-03
2307,6e-02,1e-02,7e-03,6e-03,2e-03
2308,1e-01,8e-03,6e-03,9e-03,2e-03
2309,8e-02,4e-03,5e-03,6e-03,2e-03
2310,2e-01,2e-02,7e-03,7e-02,8e-03
2311,1e-02,2e-02,6e-03,1e-02,4e-03
2312,2e-02,1e-02,4e-03,1e-02,3e-03
2313,3e-02,8e-03,3e-03,1e-02,2e-03
2314,4e-02,4e-03,1e-03,1e-02,2e-03
2315,5e-02,0,0,1e-02,2e-03
2316,9e-02,0,0,1e-02,2e-03
2317,1e-02,0,0,8e-03,2e-03
2318,1e-01,0,0,1e-02,2e-03
2319,5e-02,0,0,1e-02,2e-03
2320,2e-02,4e-03,1e-03,6e-03,2e-03
2321,3e-02,0,0,6e-03,2e-03
2322,4e-02,0,0,2e-02,2e-03
2323,2e-02,0,0,8e-03,2e-03
2324,1e-02,1e-02,4e-03,8e-03,4e-03
2325,2e-02,8e-03,3e-03,8e-03,3e-03
2326,3e-02,4e-03,1e-03,8e-03,2e-03
2327,4e-02,0,0,8e-03,2e-03
2328,1e-02,8e-03,3e-03,9e-04,3e-03
2329,2e-02,4e-03,1e-03,9e-04,2e-03
2330,4e-02,0,0,8e-03,2e-03
2331,8e-02,0,0,3e-03,2e-03
2332,4e-02,0,0,2e-02,2e-03
2333,4e-02,0,0,1e-02,2e-03
2334,5e-02,0,0,1e-02,2e-03
2335,2e-02,0,0,1e-02,2e-03
2336,1e-02,0,0,8e-03,2e-03
2337,1e-02,8e-03,3e-03,8e-03,3e-03
2338,2e-02,4e-03,1e-03,8e-03,2e-03
2339,3e-02,0,0,8e-03,2e-03
2340,2e-02,4e-03,1e-03,9e-03,2e-03
2341,3e-02,0,0,9e-03,2e-03
2342,4e-02,0,0,1e-02,2e-03
2343,6e-02,8e-03,3e-03,2e-02,2e-03
2344,7e-02,4e-03,3e-03,2e-02,2e-03
2345,1e-01,4e-03,3e-03,1e-01,3e-03
2346,1e-02,4e-03,3e-03,8e-02,2e-03
2347,5e-02,4e-03,1e-03,1e-02,2e-03
2348,1e-01,0,0,1e-02,2e-03
2349,1e-02,4e-03,1e-03,3e-03,2e-03
2350,2e-02,0,0,2e-03,2e-03
2351,2e-02,0,0,6e-03,2e-03
2352,2e-02,0,0,6e-03,2e-03
2353,3e-02,0,0,6e-03,2e-03
2354,1e-02,0,0,6e-03,2e-03
2355,7e-02,4e-03,4e-03,8e-03,2e-03
2356,1e-01,1e-02,5e-03,1e-02,2e-03
2357,1e-01,1e-02,4e-03,2e-02,2e-03
2358,1e-01,4e-03,1e-03,1e-02,2e-03
2359,2e-01,0,0,1e-02,2e-03
2360,9e-02,0,0,1e-02,2e-03
2361,7e-02,8e-03,4e-03,5e-03,2e-03
2362,8e-02,4e-03,3e-03,7e-02,2e-03
2363,8e-02,8e-03,3e-03,5e-02,5e-03
2364,1e-02,4e-03,3e-03,8e-03,2e-03
2365,1e-01,8e-03,3e-03,1e-02,2e-03
2366,1e-02,4e-03,1e-03,2e-02,2e-03
2367,2e-02,0,0,2e-02,2e-03
2368,9e-02,1e-02,4e-03,5e-02,3e-03
2369,3e-02,8e-03,3e-03,1e-02,2e-03
2370,4e-02,4e-03,1e-03,1e-02,2e-03
2371,6e-02,0,0,1e-02,2e-03
2372,1e-01,0,0,8e-03,2e-03
2373,8e-02,0,0,3e-03,2e-03
2374,4e-02,0,0,3e-03,2e-03
2375,3e-02,8e-03,3e-03,3e-03,2e-03
2376,5e-02,4e-03,1e-03,3e-03,2e-03
2377,7e-02,0,0,3e-03,2e-03
2378,8e-02,0,0,1e-02,2e-03
2379,3e-02,0,0,1e-02,2e-03
2380,1e-01,0,0,8e-03,2e-03
2381,3e-02,0,0,9e-03,2e-03
2382,1e-01,0,0,2e-02,2e-03
2383,1e-02,0,0,5e-03,2e-03
2384,4e-02,4e-03,1e-03,8e-03,2e-03
2385,5e-02,0,0,8e-03,2e-03
2386,1e-02,1e-02,4e-03,5e-03,4e-03
2387,2e-02,8e-03,3e-03,5e-03,3e-03
2388,3e-02,4e-03,1e-03,5e-03,2e-03
2389,4e-02,0,0,5e-03,2e-03
2390,2e-02,4e-03,1e-03,9e-03,2e-03
2391,3e-02,0,0,9e-03,2e-03
2392,6e-02,0,0,5e-03,2e-03
2393,8e-02,0,0,7e-03,2e-03
2394,1e-02,0,0,6e-03,2e-03
2395,1e-02,0,0,6e-03,2e-03
2396,3e-02,0,0,1e-02,2e-03
2397,2e-02,0,0,1e-02,2e-03
2398,1e-02,0,0,2e-03,2e-03
2399,2e-02,0,0,2e-03,2e-03
2400,1e-02,0,0,2e-03,2e-03
2401,2e-02,0,0,1e-02,2e-03
2402,6e-02,0,0,1e-02,2e-03
2403,2e-02,0,0,1e-02,2e-03
2404,2e-02,0,0,1e-02,2e-03
2405,6e-02,8e-03,3e-03,1e-02,2e-03
2406,7e-02,4e-03,1e-03,1e-02,2e-03
2407,8e-02,0,0,1e-02,2e-03
2408,1e-01,0,0,1e-02,2e-03
2409,7e-02,0,0,5e-03,2e-03
2410,7e-02,4e-03,1e-03,6e-03,2e-03
2411,8e-02,0,0,6e-03,2e-03
2412,8e-02,0,0,1e-02,2e-03
2413,2e-02,0,0,8e-03,2e-03
2414,2e-02,0,0,1e-02,2e-03
2415,2e-02,0,0,8e-03,2e-03
2416,6e-02,2e-02,6e-03,1e-02,3e-03
2417,7e-02,1e-02,4e-03,1e-02,2e-03
2418,8e-02,8e-03,3e-03,1e-02,2e-03
2419,9e-02,4e-03,1e-03,1e-02,2e-03
2420,1e-01,0,0,1e-02,2e-03
2421,2e-01,4e-03,1e-03,1e-02,2e-03
2422,2e-01,0,0,8e-03,2e-03
2423,1e-02,0,0,5e-03,2e-03
2424,2e-02,0,0,5e-03,2e-03
2425,1e-02,0,0,5e-05,2e-03

[END DATA]
[END EVALUATION GRAPH 2]
[BEGIN RULES ANSWERING]
Consider the following equation to assign a probability range to each node: 
\text{Influence(N)} = \text{sigmoid}\left(\alpha_1 \cdot (1 - (\beta_1 - IDN)) + \alpha_2 \cdot (1 - (\beta_2 - ODN)) + \alpha_3 \cdot (1 - (\beta_3 - CC)) + \alpha_4 \cdot (1 - (\beta_4 - BC)) + \alpha_5 \cdot (1 - (\beta_5 - PR)) \right)
- Alpha: Represents the weighting coefficients assigned to each metric in the influence calculation. The sum of all alpha values must equal 1 (\(\sum_{i=1}^{5} \alpha_i = 1\)), and each alpha value could be different, inferring the proper distribution representing the importance among the metrics. Each alpha coefficient (\(\alpha_{i}\)) is constrained to the range (0, 1). 
- Beta: Represents a factor of desirable results for each metric, indicating their relative importance. Each beta value (\(\beta_{i}\)) is independent and constrained to the range (0, 1). The beta value indicates where the favorable values are expected relative to the metrics; it serves as a repair parameter.
The goal is to identify patterns in the selection of nodes for the solution of Graph 1 (for example) and to consider the metrics from Graph 2 to infer the values of alpha and beta.
The response must be in the following format:
alpha_1={{value_alpha_1}}
alpha_2={{value_alpha_2}}
alpha_3={{value_alpha_3}}
alpha_4={{value_alpha_4}}
alpha_5={{value_alpha_5}}
beta_1={{value_beta_1}}
beta_2={{value_beta_2}}
beta_3={{value_beta_3}}
beta_4={{value_beta_4}}
beta_5={{value_beta_5}}
[END RULES ANSWERING]