0 3
0 17
0 49
0 61
1 3
1 16
1 26
1 44
1 45
1 46
1 56
1 60
1 61
1 97
1 98
2 85
3 7
3 51
3 59
3 62
3 63
3 85
3 97
4 10
4 12
4 64
4 72
4 79
5 7
5 32
5 40
5 69
6 0
6 58
6 74
6 76
7 29
7 38
8 19
8 51
9 8
9 21
9 26
9 93
9 99
10 56
10 60
10 89
10 95
11 0
11 30
11 32
11 33
11 34
11 50
11 53
11 54
11 75
12 27
12 40
12 57
12 67
12 80
13 3
13 60
13 91
13 95
14 4
14 6
14 85
14 89
15 20
15 26
15 45
15 52
15 57
15 59
15 77
16 36
16 38
16 75
16 99
17 3
17 27
17 33
17 60
17 71
17 82
17 85
18 22
18 48
18 51
18 82
18 85
18 90
18 95
19 12
19 46
19 55
19 86
20 2
20 28
21 3
21 29
21 82
21 87
22 34
22 49
22 60
22 68
22 79
23 3
23 10
23 37
23 46
23 80
23 93
24 0
24 29
24 66
25 28
25 44
25 66
25 73
25 78
26 78
26 99
27 15
27 31
27 35
27 48
27 68
27 69
27 75
27 76
27 80
27 97
28 2
28 4
28 32
28 77
29 1
29 12
29 37
29 51
29 70
29 91
29 99
30 8
30 12
30 34
30 72
30 83
30 87
30 92
30 96
31 49
31 58
31 64
31 82
32 6
32 15
32 21
32 41
32 74
32 75
32 89
32 94
33 20
33 49
33 50
33 76
33 97
33 99
34 9
34 13
34 44
34 57
34 78
35 22
35 32
35 71
36 18
36 35
36 52
37 9
37 13
37 17
37 77
38 2
38 9
38 37
39 15
39 37
40 2
40 9
40 14
40 33
40 37
40 50
40 93
41 21
41 26
41 35
41 36
41 37
41 39
41 59
41 97
42 32
42 33
42 41
42 86
42 91
43 0
43 58
43 66
43 91
44 14
44 30
44 39
44 46
44 48
44 49
44 52
45 6
45 7
45 37
45 50
45 76
45 97
45 99
46 25
46 54
46 64
46 67
46 69
46 79
47 6
47 7
47 10
47 23
47 24
47 39
47 42
47 45
47 72
47 84
47 89
49 21
49 22
49 30
49 36
49 40
49 46
49 50
49 51
49 64
50 3
50 11
50 15
50 24
50 26
50 30
50 41
50 53
51 17
51 40
51 82
51 92
51 96
52 29
52 67
52 96
53 30
53 50
53 51
53 67
53 69
53 96
54 46
54 65
55 25
55 44
55 49
55 96
56 2
56 6
56 19
56 27
56 79
56 85
57 51
57 59
57 64
57 84
57 97
57 98
57 99
58 3
58 4
58 35
58 38
58 45
58 49
58 61
58 82
59 8
59 31
59 38
59 40
59 47
59 53
59 57
59 82
60 1
60 5
60 12
60 16
60 18
60 29
60 46
60 50
61 5
61 22
61 25
61 32
61 36
61 55
61 63
62 19
62 31
62 61
62 70
62 81
62 93
63 3
63 8
63 30
63 32
63 55
63 69
63 80
64 5
64 8
64 12
64 49
64 85
65 6
65 18
65 37
65 40
65 64
65 69
65 77
65 78
66 10
66 21
66 23
66 29
66 31
66 41
66 61
66 74
66 99
67 4
67 46
67 65
67 79
67 93
67 96
68 50
68 57
68 71
68 75
68 90
69 1
69 9
69 52
69 77
70 9
70 16
70 22
70 78
71 27
71 29
71 30
71 42
71 84
71 92
71 93
71 98
72 35
72 38
72 82
72 89
73 0
73 26
73 66
74 12
74 30
74 37
74 45
74 67
74 89
74 98
75 4
75 31
75 61
76 6
76 28
76 55
76 78
77 7
77 32
77 38
77 52
77 74
77 86
78 48
78 76
79 21
79 27
79 39
79 44
79 56
79 58
79 85
79 96
80 35
80 48
80 62
80 69
80 87
80 90
81 33
81 37
81 42
81 52
81 63
81 69
81 93
82 4
82 13
82 28
82 60
82 66
82 92
82 98
83 9
83 23
83 46
83 52
83 85
84 83
84 96
85 24
85 26
85 31
85 61
85 78
85 98
86 5
86 21
86 74
86 83
87 6
87 19
87 35
87 64
87 82
88 10
88 17
88 24
88 61
88 91
89 22
89 87
89 92
89 94
90 39
90 45
90 76
90 97
91 3
91 24
91 26
91 31
91 39
91 95
92 4
92 5
92 42
92 45
92 72
92 91
93 27
93 35
93 43
93 98
94 0
94 11
94 22
94 41
94 50
94 60
94 62
94 78
94 92
95 10
95 28
95 78
96 7
96 29
96 42
96 51
97 11
97 28
97 30
97 34
97 42
97 78
98 10
98 80
98 99
99 28
99 53
